  0.775
  0.765
  0.775
  0.775
  0.775
  0.790
  0.765
  0.765
  0.750
  0.735
  0.725
  0.690
  0.655
  0.625
  0.610
  0.600
  0.585
  0.580
  0.560
  0.540
  0.535
  0.520
  0.510
  0.495
  0.485
  0.485
  0.480
  0.475
  0.465
  0.455
  0.475
  0.475
  0.480
  0.480
  0.465
  0.475
  0.475
  0.465
  0.465
  0.475
  0.485
  0.485
  0.450
  0.475
  0.475
  0.465
  0.475
  0.455
  0.480
  0.480
  0.485
  0.485
  0.480
  0.485
  0.480
  0.480
  0.475
  0.455
  0.455
  0.455
  0.465
  0.475
  0.475
  0.455
  0.455
  0.455
  0.455
  0.460
  0.455
  0.460
  0.465
  0.465
  0.480
  0.475
  0.465
  0.480
  0.485
  0.480
  0.460
  0.455
  0.450
  0.450
  0.465
  0.455
  0.455
  0.455
  0.455
  0.460
  0.455
  0.435
  0.465
  0.465
  0.480
  0.460
  0.455
  0.450
  0.450
  0.450
  0.450
  0.450
  0.455
  0.450
  0.450
  0.440
  0.440
  0.445
  0.450
  0.450
  0.450
  0.455
  0.455
  0.450
  0.450
  0.450
  0.455
  0.455
  0.455
  0.460
  0.460
  0.455
  0.455
  0.455
  0.455
  0.450
  0.460
  0.465
  0.485
  0.485
  0.485
  0.485
  0.480
  0.450
  0.475
  0.480
  0.500
  0.520
  0.515
  0.520
  0.520
  0.525
  0.525
  0.535
  0.545
  0.555
  0.540
  0.535
  0.535
  0.535
  0.520
  0.515
  0.515
  0.510
  0.495
  0.480
  0.475
  0.465
  0.475
  0.465
  0.455
  0.455
  0.450
  0.465
  0.465
  0.480
  0.475
  0.480
  0.485
  0.475
  0.475
  0.465
  0.500
  0.590
  0.820
  1.195
  1.620
  2.045
  2.345
  2.365
  2.110
  1.685
  1.215
  0.820
  0.610
  0.540
  0.560
  0.565
  0.555
  0.540
  0.515
  0.515
  0.500
  0.510
  0.495
  0.500
  0.500
  0.500
  0.500
  0.500
  0.500
  0.500
  0.515
  0.515
  0.515
  0.525
  0.515
  0.500
  0.530
  0.535
  0.540
  0.535
  0.540
  0.540
  0.540
  0.540
  0.535
  0.545
  0.560
  0.570
  0.585
  0.595
  0.610
  0.600
  0.605
  0.605
  0.625
  0.660
  0.660
  0.680
  0.685
  0.700
  0.730
  0.735
  0.750
  0.760
  0.765
  0.775
  0.785
  0.795
  0.795
  0.810
  0.815
  0.805
  0.785
  0.765
  0.750
  0.735
  0.715
  0.705
  0.685
  0.670
  0.655
  0.620
  0.600
  0.585
  0.570
  0.565
  0.535
  0.520
  0.515
  0.520
  0.535
  0.535
  0.515
  0.525
  0.525
  0.535
  0.525
  0.500
  0.515
  0.515
  0.510
  0.500
  0.515
  0.515
  0.520
  0.525
  0.510
  0.495
  0.485
  0.495
  0.495
  0.500
  0.500
  0.500
  0.495
  0.500
  0.495
  0.495
  0.495
  0.500
  0.495
  0.490
  0.485
  0.480
  0.485
  0.495
  0.515
  0.520
  0.515
  0.515
  0.505
  0.495
  0.500
  0.495
  0.475
  0.490
  0.495
  0.495
  0.495
  0.460
  0.485
  0.490
  0.490
  0.490
  0.490
  0.490
  0.480
  0.465
  0.460
  0.475
  0.495
  0.505
  0.510
  0.500
  0.495
  0.475
  0.465
  0.475
  0.460
  0.475
  0.465
  0.475
  0.475
  0.460
  0.480
  0.485
  0.475
  0.480
  0.465
  0.465
  0.460
  0.455
  0.465
  0.465
  0.475
  0.480
  0.485
  0.485
  0.485
  0.490
  0.495
  0.475
  0.495
  0.480
  0.490
  0.480
  0.475
  0.475
  0.480
  0.475
  0.485
  0.485
  0.495
  0.485
  0.480
  0.475
  0.480
  0.475
  0.460
  0.460
  0.475
  0.490
  0.495
  0.485
  0.480
  0.485
  0.490
  0.490
  0.490
  0.485
  0.485
  0.500
  0.500
  0.510
  0.520
  0.535
  0.555
  0.560
  0.555
  0.555
  0.555
  0.560
  0.570
  0.600
  0.585
  0.585
  0.585
  0.585
  0.555
  0.555
  0.535
  0.520
  0.500
  0.485
  0.485
  0.480
  0.480
  0.465
  0.460
  0.475
  0.485
  0.485
  0.485
  0.490
  0.485
  0.475
  0.480
  0.485
  0.495
  0.500
  0.505
  0.545
  0.670
  0.935
  1.350
  1.810
  2.175
  2.310
  2.155
  1.785
  1.310
  0.925
  0.670
  0.580
  0.570
  0.560
  0.570
  0.540
  0.525
  0.520
  0.495
  0.515
  0.495
  0.495
  0.495
  0.500
  0.515
  0.500
  0.500
  0.495
  0.495
  0.500
  0.505
  0.520
  0.525
  0.540
  0.535
  0.530
  0.530
  0.535
  0.535
  0.540
  0.535
  0.540
  0.560
  0.570
  0.580
  0.575
  0.590
  0.600
  0.600
  0.620
  0.620
  0.625
  0.640
  0.655
  0.675
  0.680
  0.685
  0.685
  0.695
  0.710
  0.735
  0.715
  0.730
  0.745
  0.765
  0.785
  0.770
  0.780
  0.795
  0.805
  0.795
  0.795
  0.775
  0.750
  0.740
  0.710
  0.690
  0.670
  0.655
  0.625
  0.605
  0.600
  0.590
  0.575
  0.570
  0.570
  0.565
  0.540
  0.555
  0.540
  0.540
  0.535
  0.535
  0.520
  0.515
  0.520
  0.510
  0.510
  0.515
  0.510
  0.500
  0.495
  0.485
  0.510
  0.515
  0.510
  0.495
  0.490
  0.510
  0.510
  0.510
  0.500
  0.490
  0.490
  0.500
  0.500
  0.515
  0.510
  0.515
  0.515
  0.525
  0.510
  0.515
  0.510
  0.510
  0.515
  0.510
  0.510
  0.495
  0.490
  0.495
  0.500
  0.510
  0.495
  0.495
  0.495
  0.495
  0.495
  0.490
  0.495
  0.490
  0.485
  0.495
  0.500
  0.495
  0.485
  0.485
  0.485
  0.495
  0.475
  0.495
  0.490
  0.495
  0.495
  0.490
  0.490
  0.490
  0.490
  0.480
  0.480
  0.480
  0.480
  0.475
  0.475
  0.475
  0.475
  0.475
  0.475
  0.475
  0.480
  0.480
  0.460
  0.475
  0.475
  0.495
  0.490
  0.490
  0.490
  0.490
  0.480
  0.475
  0.475
  0.475
  0.475
  0.480
  0.475
  0.475
  0.485
  0.485
  0.485
  0.475
  0.450
  0.485
  0.485
  0.490
  0.495
  0.475
  0.495
  0.495
  0.485
  0.485
  0.485
  0.495
  0.490
  0.490
  0.475
  0.460
  0.475
  0.490
  0.495
  0.495
  0.500
  0.510
  0.535
  0.540
  0.560
  0.560
  0.560
  0.560
  0.565
  0.570
  0.580
  0.580
  0.590
  0.590
  0.585
  0.570
  0.555
  0.530
  0.520
  0.500
  0.490
  0.480
  0.440
  0.460
  0.465
  0.490
  0.500
  0.495
  0.500
  0.480
  0.465
  0.455
  0.475
  0.490
  0.495
  0.500
  0.510
  0.535
  0.680
  0.980
  1.405
  1.850
  2.170
  2.215
  1.975
  1.545
  1.095
  0.750
  0.595
  0.560
  0.575
  0.580
  0.570
  0.545
  0.515
  0.525
  0.520
  0.525
  0.510
  0.515
  0.495
  0.495
  0.500
  0.500
  0.505
  0.515
  0.510
  0.515
  0.515
  0.495
  0.505
  0.515
  0.525
  0.515
  0.505
  0.535
  0.530
  0.540
  0.535
  0.540
  0.555
  0.570
  0.570
  0.580
  0.590
  0.600
  0.610
  0.605
  0.620
  0.615
  0.625
  0.645
  0.655
  0.665
  0.670
  0.695
  0.700
  0.725
  0.740
  0.750
  0.765
  0.775
  0.780
  0.790
  0.790
  0.805
  0.790
  0.775
  0.765
  0.740
  0.730
  0.730
  0.680
  0.675
  0.655
  0.645
  0.625
  0.590
  0.580
  0.570
  0.570
  0.555
  0.540
  0.535
  0.530
  0.525
  0.520
  0.510
  0.510
  0.515
  0.515
  0.515
  0.500
  0.490
  0.485
  0.495
  0.500
  0.500
  0.495
  0.500
  0.510
  0.510
  0.500
  0.495
  0.495
  0.490
  0.485
  0.465
  0.455
  0.450
  0.455
  0.480
  0.465
  0.455
  0.475
  0.475
  0.485
  0.485
  0.475
  0.485
  0.490
  0.495
  0.485
  0.480
  0.465
  0.475
  0.485
  0.480
  0.485
  0.485
  0.485
  0.480
  0.465
  0.485
  0.485
  0.485
  0.480
  0.460
  0.455
  0.450
  0.450
  0.455
  0.455
  0.480
  0.485
  0.485
  0.475
  0.450
  0.450
  0.445
  0.440
  0.435
  0.430
  0.430
  0.420
  0.430
  0.435
  0.450
  0.450
  0.450
  0.430
  0.435
  0.435
  0.450
  0.450
  0.435
  0.450
  0.450
  0.450
  0.450
  0.450
  0.450
  0.445
  0.445
  0.445
  0.450
  0.445
  0.455
  0.460
  0.460
  0.450
  0.430
  0.415
  0.410
  0.415
  0.425
  0.425
  0.430
  0.435
  0.435
  0.435
  0.435
  0.440
  0.435
  0.435
  0.445
  0.435
  0.440
  0.440
  0.450
  0.465
  0.475
  0.475
  0.515
  0.515
  0.515
  0.515
  0.500
  0.535
  0.555
  0.560
  0.540
  0.535
  0.530
  0.525
  0.500
  0.490
  0.475
  0.485
  0.485
  0.455
  0.435
  0.430
  0.415
  0.410
  0.410
  0.405
  0.410
  0.415
  0.415
  0.425
  0.430
  0.450
  0.450
  0.445
  0.450
  0.450
  0.500
  0.645
  0.960
  1.375
  1.820
  2.125
  2.175
  1.945
  1.555
  1.090
  0.710
  0.520
  0.465
  0.515
  0.525
  0.535
  0.525
  0.500
  0.485
  0.465
  0.455
  0.450
  0.440
  0.435
  0.440
  0.445
  0.455
  0.455
  0.455
  0.455
  0.465
  0.465
  0.480
  0.465
  0.460
  0.465
  0.485
  0.495
  0.495
  0.495
  0.495
  0.495
  0.495
  0.500
  0.515
  0.525
  0.535
  0.555
  0.540
  0.555
  0.560
  0.570
  0.580
  0.600
  0.625
  0.615
  0.625
  0.640
  0.655
  0.680
  0.680
  0.685
  0.705
  0.710
  0.730
  0.745
  0.750
  0.745
  0.750
  0.750
  0.750
  0.730
  0.700
  0.670
  0.650
  0.645
  0.625
  0.600
  0.585
  0.570
  0.555
  0.535
  0.520
  0.515
  0.500
  0.485
  0.480
  0.465
  0.465
  0.465
  0.475
  0.475
  0.465
  0.475
  0.460
  0.450
  0.420
  0.430
  0.425
  0.440
  0.450
  0.425
  0.440
  0.425
  0.440
  0.430
  0.435
  0.430
  0.440
  0.435
  0.440
  0.430
  0.440
  0.440
  0.430
  0.430
  0.420
  0.415
  0.430
  0.430
  0.430
  0.435
  0.430
  0.435
  0.440
  0.435
  0.455
  0.450
  0.430
  0.435
  0.435
  0.435
  0.430
  0.435
  0.440
  0.430
  0.425
  0.425
  0.430
  0.430
  0.440
  0.430
  0.410
  0.390
  0.400
  0.390
  0.390
  0.395
  0.395
  0.410
  0.415
  0.425
  0.425
  0.425
  0.415
  0.410
  0.405
  0.405
  0.415
  0.415
  0.410
  0.410
  0.410
  0.415
  0.415
  0.420
  0.415
  0.405
  0.410
  0.410
  0.410
  0.415
  0.430
  0.440
  0.440
  0.440
  0.430
  0.430
  0.435
  0.430
  0.415
  0.410
  0.400
  0.400
  0.405
  0.380
  0.410
  0.410
  0.425
  0.410
  0.390
  0.405
  0.410
  0.415
  0.415
  0.430
  0.440
  0.450
  0.475
  0.465
  0.450
  0.450
  0.475
  0.495
  0.525
  0.535
  0.530
  0.520
  0.525
  0.515
  0.515
  0.485
  0.465
  0.445
  0.420
  0.405
  0.410
  0.400
  0.390
  0.390
  0.400
  0.400
  0.420
  0.425
  0.425
  0.415
  0.410
  0.390
  0.415
  0.420
  0.430
  0.415
  0.410
  0.450
  0.585
  0.880
  1.320
  1.815
  2.200
  2.350
  2.185
  1.790
  1.305
  0.860
  0.600
  0.520
  0.515
  0.510
  0.515
  0.495
  0.460
  0.435
  0.430
  0.435
  0.440
  0.450
  0.430
  0.435
  0.430
  0.430
  0.445
  0.450
  0.455
  0.450
  0.450
  0.450
  0.455
  0.480
  0.490
  0.490
  0.495
  0.490
  0.495
  0.485
  0.485
  0.495
  0.500
  0.505
  0.515
  0.515
  0.535
  0.540
  0.560
  0.560
  0.555
  0.560
  0.575
  0.575
  0.595
  0.620
  0.640
  0.655
  0.670
  0.680
  0.685
  0.695
  0.710
  0.735
  0.735
  0.750
  0.765
  0.765
  0.760
  0.765
  0.755
  0.745
  0.710
  0.700
  0.680
  0.655
  0.645
  0.600
  0.575
  0.565
  0.565
  0.540
  0.515
  0.525
  0.515
  0.510
  0.495
  0.455
  0.475
  0.465
  0.460
  0.450
  0.450
  0.475
  0.475
  0.475
  0.455
  0.445
  0.455
  0.455
  0.450
  0.440
  0.445
  0.440
  0.450
  0.455
  0.445
  0.440
  0.440
  0.445
  0.445
  0.440
  0.450
  0.445
  0.440
  0.440
  0.440
  0.440
  0.435
  0.430
  0.430
  0.445
  0.465
  0.465
  0.455
  0.455
  0.440
  0.435
  0.435
  0.425
  0.450
  0.450
  0.450
  0.440
  0.440
  0.440
  0.445
  0.440
  0.450
  0.440
  0.440
  0.435
  0.435
  0.450
  0.450
  0.445
  0.440
  0.435
  0.440
  0.450
  0.450
  0.450
  0.450
  0.440
  0.450
  0.440
  0.440
  0.445
  0.450
  0.450
  0.435
  0.430
  0.425
  0.430
  0.440
  0.435
  0.440
  0.430
  0.425
  0.430
  0.430
  0.410
  0.440
  0.445
  0.450
  0.445
  0.430
  0.445
  0.450
  0.450
  0.450
  0.450
  0.450
  0.455
  0.455
  0.455
  0.450
  0.455
  0.455
  0.455
  0.455
  0.450
  0.450
  0.450
  0.475
  0.465
  0.455
  0.450
  0.440
  0.440
  0.450
  0.475
  0.495
  0.510
  0.515
  0.520
  0.520
  0.515
  0.515
  0.520
  0.535
  0.570
  0.565
  0.530
  0.555
  0.540
  0.535
  0.525
  0.485
  0.500
  0.495
  0.495
  0.495
  0.485
  0.465
  0.455
  0.450
  0.440
  0.450
  0.450
  0.455
  0.455
  0.450
  0.455
  0.455
  0.450
  0.450
  0.445
  0.460
  0.495
  0.620
  0.880
  1.305
  1.785
  2.200
  2.365
  2.255
  1.870
  1.405
  0.960
  0.665
  0.560
  0.555
  0.570
  0.570
  0.555
  0.535
  0.515
  0.520
  0.500
  0.475
  0.475
  0.450
  0.440
  0.450
  0.465
  0.500
  0.515
  0.515
  0.495
  0.485
  0.485
  0.490
  0.490
  0.490
  0.490
  0.490
  0.485
  0.500
  0.520
  0.535
  0.540
  0.540
  0.540
  0.540
  0.560
  0.570
  0.570
  0.565
  0.560
  0.575
  0.585
  0.610
  0.625
  0.660
  0.675
  0.670
  0.685
  0.690
  0.705
  0.710
  0.710
  0.735
  0.730
  0.750
  0.765
  0.775
  0.785
  0.780
  0.785
  0.785
  0.765
  0.750
  0.710
  0.690
  0.665
  0.655
  0.630
  0.605
  0.585
  0.580
  0.565
  0.560
  0.540
  0.535
  0.525
  0.525
  0.520
  0.525
  0.525
  0.515
  0.495
  0.490
  0.485
  0.495
  0.495
  0.500
  0.500
  0.495
  0.500
  0.495
  0.490
  0.495
  0.495
  0.475
  0.490
  0.490
  0.485
  0.485
  0.465
  0.485
  0.485
  0.485
  0.485
  0.475
  0.485
  0.480
  0.475
  0.475
  0.485
  0.485
  0.490
  0.490
  0.480
  0.475
  0.465
  0.475
  0.480
  0.475
  0.490
  0.480
  0.465
  0.465
  0.465
  0.485
  0.485
  0.460
  0.485
  0.485
  0.485
  0.485
  0.490
  0.485
  0.475
  0.465
  0.455
  0.455
  0.450
  0.445
  0.445
  0.450
  0.440
  0.455
  0.460
  0.475
  0.475
  0.475
  0.475
  0.465
  0.465
  0.460
  0.445
  0.455
  0.455
  0.465
  0.455
  0.450
  0.450
  0.460
  0.455
  0.465
  0.465
  0.455
  0.465
  0.475
  0.480
  0.480
  0.465
  0.465
  0.455
  0.450
  0.450
  0.450
  0.455
  0.475
  0.475
  0.480
  0.465
  0.460
  0.465
  0.475
  0.475
  0.480
  0.455
  0.480
  0.475
  0.485
  0.475
  0.465
  0.485
  0.485
  0.490
  0.485
  0.475
  0.475
  0.460
  0.465
  0.460
  0.475
  0.480
  0.490
  0.500
  0.515
  0.535
  0.540
  0.540
  0.535
  0.540
  0.555
  0.570
  0.570
  0.565
  0.565
  0.560
  0.545
  0.540
  0.535
  0.515
  0.505
  0.495
  0.490
  0.465
  0.460
  0.465
  0.475
  0.460
  0.480
  0.480
  0.485
  0.480
  0.455
  0.465
  0.475
  0.490
  0.490
  0.495
  0.495
  0.535
  0.690
  0.995
  1.405
  1.845
  2.195
  2.295
  2.105
  1.700
  1.245
  0.850
  0.640
  0.570
  0.565
  0.580
  0.580
  0.560
  0.545
  0.520
  0.505
  0.500
  0.500
  0.510
  0.510
  0.495
  0.495
  0.495
  0.495
  0.500
  0.495
  0.505
  0.510
  0.515
  0.515
  0.505
  0.495
  0.510
  0.520
  0.530
  0.540
  0.535
  0.560
  0.560
  0.570
  0.580
  0.580
  0.575
  0.580
  0.570
  0.580
  0.610
  0.615
  0.625
  0.630
  0.645
  0.655
  0.665
  0.690
  0.700
  0.725
  0.740
  0.750
  0.755
  0.755
  0.765
  0.770
  0.785
  0.790
  0.785
  0.790
  0.780
  0.790
  0.770
  0.750
  0.730
  0.700
  0.675
  0.670
  0.640
  0.620
  0.610
  0.605
  0.570
  0.570
  0.560
  0.560
  0.540
  0.525
  0.535
  0.530
  0.530
  0.540
  0.530
  0.535
  0.520
  0.525
  0.510
  0.515
  0.510
  0.500
  0.500
  0.500
  0.515
  0.515
  0.515
  0.525
  0.520
  0.515
  0.500
  0.475
  0.485
  0.485
  0.495
  0.495
  0.495
  0.500
  0.500
  0.510
  0.500
  0.505
  0.510
  0.515
  0.515
  0.500
  0.475
  0.485
  0.490
  0.490
  0.490
  0.495
  0.500
  0.495
  0.500
  0.510
  0.510
  0.515
  0.500
  0.495
  0.485
  0.495
  0.500
  0.500
  0.500
  0.500
  0.490
  0.495
  0.490
  0.480
  0.475
  0.485
  0.485
  0.485
  0.485
  0.480
  0.485
  0.485
  0.485
  0.485
  0.475
  0.485
  0.485
  0.485
  0.490
  0.485
  0.485
  0.475
  0.445
  0.465
  0.465
  0.480
  0.485
  0.465
  0.475
  0.460
  0.475
  0.480
  0.475
  0.475
  0.475
  0.490
  0.485
  0.485
  0.490
  0.490
  0.485
  0.495
  0.500
  0.495
  0.485
  0.465
  0.455
  0.455
  0.450
  0.450
  0.450
  0.455
  0.465
  0.455
  0.465
  0.465
  0.485
  0.485
  0.480
  0.475
  0.485
  0.490
  0.500
  0.495
  0.475
  0.495
  0.500
  0.520
  0.515
  0.515
  0.535
  0.540
  0.545
  0.540
  0.555
  0.570
  0.585
  0.580
  0.575
  0.570
  0.565
  0.560
  0.555
  0.540
  0.535
  0.515
  0.495
  0.490
  0.485
  0.495
  0.485
  0.485
  0.480
  0.475
  0.475
  0.460
  0.450
  0.485
  0.485
  0.485
  0.480
  0.485
  0.485
  0.495
  0.500
  0.515
  0.625
  0.860
  1.235
  1.665
  2.030
  2.235
  2.150
  1.855
  1.425
  1.000
  0.715
  0.600
  0.580
  0.585
  0.575
  0.560
  0.540
  0.525
  0.500
  0.490
  0.485
  0.495
  0.490
  0.505
  0.515
  0.515
  0.505
  0.515
  0.510
  0.510
  0.500
  0.515
  0.520
  0.515
  0.515
  0.520
  0.520
  0.525
  0.540
  0.545
  0.545
  0.545
  0.560
  0.545
  0.555
  0.565
  0.570
  0.600
  0.590
  0.595
  0.590
  0.605
  0.620
  0.610
  0.625
  0.640
  0.660
  0.680
  0.690
  0.705
  0.705
  0.715
  0.735
  0.750
  0.745
  0.750
  0.760
  0.755
  0.765
  0.765
  0.775
  0.770
  0.765
  0.755
  0.730
  0.710
  0.695
  0.670
  0.655
  0.645
  0.605
  0.585
  0.565
  0.570
  0.560
  0.540
  0.535
  0.540
  0.515
  0.495
  0.505
  0.515
  0.515
  0.515
  0.485
  0.495
  0.485
  0.500
  0.495
  0.500
  0.500
  0.510
  0.515
  0.515
  0.500
  0.495
  0.495
  0.480
  0.480
  0.485
  0.485
  0.485
  0.485
  0.485
  0.490
  0.480
  0.475
  0.460
  0.465
  0.475
  0.465
  0.480
  0.485
  0.495
  0.485
  0.495
  0.490
  0.485
  0.485
  0.495
  0.490
  0.495
  0.495
  0.495
  0.500
  0.495
  0.475
  0.490
  0.465
  0.475
  0.460
  0.445
  0.465
  0.475
  0.465
  0.465
  0.475
  0.475
  0.475
  0.475
  0.455
  0.460
  0.460
  0.455
  0.455
  0.455
  0.445
  0.445
  0.455
  0.475
  0.465
  0.465
  0.465
  0.455
  0.450
  0.450
  0.450
  0.440
  0.445
  0.445
  0.435
  0.435
  0.430
  0.450
  0.455
  0.455
  0.450
  0.450
  0.425
  0.450
  0.450
  0.460
  0.460
  0.450
  0.465
  0.465
  0.465
  0.455
  0.445
  0.450
  0.450
  0.455
  0.455
  0.450
  0.455
  0.450
  0.455
  0.465
  0.460
  0.475
  0.465
  0.460
  0.465
  0.455
  0.465
  0.475
  0.480
  0.465
  0.460
  0.455
  0.440
  0.440
  0.450
  0.450
  0.475
  0.495
  0.510
  0.520
  0.515
  0.505
  0.515
  0.520
  0.535
  0.560
  0.560
  0.535
  0.555
  0.560
  0.560
  0.555
  0.525
  0.515
  0.490
  0.495
  0.485
  0.460
  0.475
  0.450
  0.450
  0.450
  0.450
  0.455
  0.455
  0.475
  0.465
  0.455
  0.450
  0.460
  0.455
  0.465
  0.480
  0.485
  0.515
  0.640
  0.880
  1.265
  1.690
  2.030
  2.190
  2.045
  1.700
  1.270
  0.850
  0.620
  0.540
  0.530
  0.535
  0.515
  0.525
  0.510
  0.490
  0.485
  0.450
  0.475
  0.480
  0.485
  0.465
  0.465
  0.475
  0.485
  0.485
  0.495
  0.495
  0.495
  0.495
  0.485
  0.485
  0.490
  0.495
  0.495
  0.495
  0.500
  0.515
  0.510
  0.515
  0.510
  0.515
  0.525
  0.525
  0.540
  0.535
  0.535
  0.540
  0.555
  0.580
  0.585
  0.595
  0.610
  0.625
  0.660
  0.650
  0.665
  0.680
  0.700
  0.730
  0.730
  0.730
  0.730
  0.725
  0.735
  0.745
  0.735
  0.735
  0.735
  0.735
  0.715
  0.700
  0.670
  0.655
  0.625
  0.610
  0.590
  0.570
  0.570
  0.560
  0.540
  0.535
  0.515
  0.495
  0.495
  0.495
  0.475
  0.495
  0.490
  0.475
  0.455
  0.450
  0.450
  0.455
  0.475
  0.455
  0.455
  0.445
  0.445
  0.440
  0.440
  0.430
  0.450
  0.450
  0.450
  0.450
  0.425
  0.430
  0.430
  0.430
  0.445
  0.450
  0.455
  0.445
  0.440
  0.450
  0.450
  0.450
  0.445
  0.450
  0.445
  0.435
  0.430
  0.435
  0.435
  0.435
  0.430
  0.430
  0.430
  0.435
  0.430
  0.420
  0.425
  0.425
  0.425
  0.440
  0.450
  0.435
  0.430
  0.415
  0.420
  0.430
  0.430
  0.415
  0.435
  0.430
  0.430
  0.410
  0.390
  0.400
  0.400
  0.400
  0.405
  0.405
  0.415
  0.415
  0.415
  0.405
  0.410
  0.415
  0.410
  0.410
  0.405
  0.410
  0.415
  0.415
  0.420
  0.410
  0.410
  0.415
  0.415
  0.410
  0.410
  0.415
  0.425
  0.430
  0.430
  0.415
  0.410
  0.405
  0.395
  0.395
  0.400
  0.410
  0.425
  0.405
  0.415
  0.410
  0.400
  0.395
  0.390
  0.410
  0.415
  0.425
  0.430
  0.415
  0.405
  0.400
  0.410
  0.405
  0.410
  0.415
  0.430
  0.430
  0.415
  0.415
  0.400
  0.405
  0.415
  0.430
  0.440
  0.430
  0.435
  0.440
  0.445
  0.455
  0.455
  0.455
  0.475
  0.485
  0.495
  0.500
  0.515
  0.505
  0.515
  0.510
  0.495
  0.485
  0.465
  0.450
  0.435
  0.425
  0.410
  0.430
  0.430
  0.410
  0.390
  0.365
  0.390
  0.405
  0.410
  0.415
  0.415
  0.415
  0.415
  0.405
  0.410
  0.425
  0.430
  0.440
  0.525
  0.745
  1.120
  1.595
  2.030
  2.285
  2.230
  1.915
  1.460
  0.995
  0.640
  0.490
  0.465
  0.460
  0.480
  0.455
  0.450
  0.440
  0.435
  0.430
  0.430
  0.415
  0.430
  0.430
  0.425
  0.455
  0.450
  0.435
  0.440
  0.425
  0.440
  0.435
  0.450
  0.455
  0.450
  0.455
  0.450
  0.450
  0.450
  0.445
  0.455
  0.455
  0.465
  0.465
  0.485
  0.495
  0.500
  0.515
  0.515
  0.520
  0.530
  0.540
  0.570
  0.595
  0.610
  0.625
  0.640
  0.640
  0.655
  0.660
  0.685
  0.700
  0.710
  0.725
  0.735
  0.740
  0.750
  0.730
  0.735
  0.725
  0.725
  0.745
  0.715
  0.715
  0.705
  0.680
  0.655
  0.615
  0.590
  0.560
  0.555
  0.535
  0.525
  0.520
  0.510
  0.500
  0.495
  0.485
  0.490
  0.485
  0.475
  0.460
  0.465
  0.445
  0.450
  0.435
  0.445
  0.450
  0.450
  0.450
  0.450
  0.455
  0.465
  0.480
  0.465
  0.450
  0.445
  0.435
  0.445
  0.450
  0.450
  0.440
  0.430
  0.405
  0.425
  0.435
  0.430
  0.430
  0.415
  0.440
  0.440
  0.435
  0.430
  0.425
  0.435
  0.440
  0.435
  0.435
  0.440
  0.455
  0.465
  0.465
  0.455
  0.455
  0.440
  0.430
  0.430
  0.435
  0.440
  0.440
  0.450
  0.450
  0.440
  0.435
  0.440
  0.435
  0.430
  0.425
  0.430
  0.415
  0.420
  0.430
  0.440
  0.455
  0.450
  0.425
  0.430
  0.430
  0.435
  0.430
  0.410
  0.425
  0.430
  0.430
  0.425
  0.425
  0.425
  0.425
  0.430
  0.410
  0.410
  0.415
  0.430
  0.430
  0.430
  0.430
  0.430
  0.430
  0.425
  0.425
  0.425
  0.430
  0.440
  0.440
  0.430
  0.425
  0.420
  0.410
  0.430
  0.435
  0.450
  0.445
  0.450
  0.440
  0.430
  0.430
  0.430
  0.430
  0.440
  0.445
  0.440
  0.435
  0.415
  0.435
  0.440
  0.440
  0.440
  0.430
  0.435
  0.450
  0.450
  0.455
  0.455
  0.455
  0.450
  0.445
  0.450
  0.455
  0.455
  0.480
  0.485
  0.500
  0.515
  0.515
  0.495
  0.495
  0.515
  0.530
  0.545
  0.545
  0.535
  0.520
  0.525
  0.525
  0.520
  0.520
  0.515
  0.520
  0.500
  0.480
  0.465
  0.450
  0.450
  0.450
  0.425
  0.435
  0.430
  0.430
  0.430
  0.405
  0.430
  0.440
  0.455
  0.465
  0.475
  0.465
  0.480
  0.525
  0.675
  0.985
  1.395
  1.850
  2.215
  2.355
  2.185
  1.785
  1.310
  0.890
  0.655
  0.555
  0.540
  0.540
  0.545
  0.535
  0.520
  0.500
  0.490
  0.475
  0.455
  0.450
  0.450
  0.465
  0.485
  0.485
  0.495
  0.490
  0.480
  0.495
  0.495
  0.490
  0.485
  0.475
  0.495
  0.510
  0.515
  0.525
  0.525
  0.520
  0.520
  0.515
  0.515
  0.520
  0.540
  0.560
  0.560
  0.565
  0.580
  0.585
  0.600
  0.600
  0.610
  0.615
  0.625
  0.645
  0.665
  0.690
  0.700
  0.725
  0.725
  0.710
  0.725
  0.710
  0.735
  0.755
  0.775
  0.775
  0.790
  0.785
  0.790
  0.775
  0.755
  0.730
  0.715
  0.700
  0.665
  0.655
  0.640
  0.620
  0.615
  0.580
  0.575
  0.570
  0.565
  0.535
  0.515
  0.505
  0.500
  0.510
  0.510
  0.510
  0.515
  0.510
  0.500
  0.515
  0.505
  0.510
  0.515
  0.510
  0.515
  0.505
  0.500
  0.495
  0.495
  0.495
  0.495
  0.495
  0.515
  0.510
  0.515
  0.500
  0.485
  0.465
  0.480
  0.490
  0.500
  0.480
  0.495
  0.495
  0.485
  0.480
  0.465
  0.495
  0.500
  0.495
  0.490
  0.480
  0.490
  0.490
  0.495
  0.485
  0.475
  0.485
  0.500
  0.515
  0.505
  0.500
  0.490
  0.490
  0.495
  0.485
  0.480
  0.490
  0.495
  0.495
  0.495
  0.500
  0.500
  0.495
  0.495
  0.485
  0.480
  0.475
  0.480
  0.485
  0.475
  0.475
  0.465
  0.455
  0.475
  0.475
  0.480
  0.485
  0.475
  0.485
  0.480
  0.465
  0.475
  0.475
  0.480
  0.485
  0.485
  0.485
  0.490
  0.485
  0.485
  0.485
  0.475
  0.485
  0.485
  0.490
  0.495
  0.485
  0.490
  0.490
  0.475
  0.475
  0.460
  0.475
  0.460
  0.450
  0.450
  0.450
  0.455
  0.475
  0.480
  0.485
  0.485
  0.500
  0.495
  0.495
  0.490
  0.495
  0.495
  0.490
  0.475
  0.485
  0.485
  0.490
  0.475
  0.455
  0.485
  0.495
  0.510
  0.515
  0.505
  0.500
  0.495
  0.495
  0.495
  0.490
  0.500
  0.510
  0.515
  0.500
  0.495
  0.485
  0.475
  0.480
  0.490
  0.490
  0.505
  0.520
  0.535
  0.555
  0.560
  0.555
  0.560
  0.565
  0.580
  0.580
  0.580
  0.580
  0.580
  0.575
  0.555
  0.555
  0.520
  0.545
  0.530
  0.515
  0.500
  0.475
  0.485
  0.480
  0.480
  0.475
  0.475
  0.475
  0.485
  0.475
  0.465
  0.455
  0.460
  0.465
  0.495
  0.500
  0.530
  0.580
  0.700
  0.965
  1.345
  1.780
  2.120
  2.245
  2.045
  1.665
  1.210
  0.850
  0.630
  0.580
  0.580
  0.570
  0.570
  0.555
  0.530
  0.515
  0.505
  0.495
  0.495
  0.475
  0.475
  0.475
  0.485
  0.490
  0.515
  0.520
  0.515
  0.520
  0.510
  0.510
  0.515
  0.515
  0.515
  0.515
  0.510
  0.510
  0.515
  0.515
  0.530
  0.540
  0.560
  0.560
  0.575
  0.580
  0.570
  0.555
  0.545
  0.545
  0.565
  0.580
  0.600
  0.620
  0.640
  0.655
  0.665
  0.675
  0.670
  0.695
  0.690
  0.705
  0.730
  0.735
  0.740
  0.740
  0.750
  0.785
  0.775
  0.780
  0.770
  0.760
  0.750
  0.710
  0.690
  0.670
  0.665
  0.655
  0.645
  0.620
  0.600
  0.575
  0.560
  0.540
  0.540
  0.530
  0.525
  0.515
  0.510
  0.495
  0.495
  0.490
  0.490
  0.490
  0.485
  0.490
  0.495
  0.485
  0.485
  0.490
  0.485
  0.475
  0.460
  0.475
  0.465
  0.475
  0.460
  0.465
  0.460
  0.440
  0.475
  0.475
  0.485
  0.485
  0.475
  0.475
  0.465
  0.475
  0.475
  0.475
  0.480
  0.475
  0.465
  0.460
  0.455
  0.455
  0.450
  0.450
  0.450
  0.450
  0.475
  0.475
  0.485
  0.495
  0.500
  0.500
  0.495
  0.475
  0.455
  0.455
  0.455
  0.435
  0.450
  0.435
  0.435
  0.435
  0.430
  0.435
  0.440
  0.450
  0.440
  0.430
  0.430
  0.425
  0.435
  0.430
  0.410
  0.435
  0.440
  0.450
  0.455
  0.430
  0.440
  0.440
  0.450
  0.430
  0.430
  0.425
  0.435
  0.435
  0.435
  0.435
  0.440
  0.450
  0.450
  0.440
  0.440
  0.435
  0.445
  0.465
  0.475
  0.455
  0.445
  0.430
  0.440
  0.425
  0.425
  0.425
  0.430
  0.420
  0.430
  0.435
  0.430
  0.440
  0.435
  0.435
  0.435
  0.435
  0.420
  0.435
  0.450
  0.445
  0.445
  0.430
  0.450
  0.450
  0.450
  0.445
  0.440
  0.435
  0.435
  0.430
  0.430
  0.430
  0.445
  0.450
  0.455
  0.450
  0.455
  0.450
  0.450
  0.450
  0.460
  0.475
  0.480
  0.485
  0.495
  0.495
  0.505
  0.500
  0.495
  0.495
  0.500
  0.500
  0.515
  0.530
  0.530
  0.525
  0.520
  0.520
  0.515
  0.515
  0.515
  0.500
  0.485
  0.445
  0.450
  0.450
  0.465
  0.455
  0.445
  0.440
  0.440
  0.430
  0.430
  0.420
  0.435
  0.430
  0.440
  0.450
  0.455
  0.465
  0.475
  0.485
  0.530
  0.700
  1.025
  1.475
  1.915
  2.195
  2.210
  1.940
  1.525
  1.070
  0.710
  0.540
  0.515
  0.525
  0.525
  0.510
  0.495
  0.485
  0.495
  0.485
  0.490
  0.475
  0.450
  0.435
  0.455
  0.455
  0.460
  0.455
  0.445
  0.455
  0.465
  0.475
  0.480
  0.475
  0.475
  0.465
  0.475
  0.480
  0.495
  0.495
  0.495
  0.495
  0.500
  0.505
  0.520
  0.520
  0.535
  0.520
  0.530
  0.540
  0.560
  0.570
  0.575
  0.585
  0.610
  0.620
  0.640
  0.660
  0.665
  0.685
  0.690
  0.710
  0.730
  0.740
  0.755
  0.780
  0.770
  0.780
  0.790
  0.785
  0.790
  0.755
  0.730
  0.690
  0.665
  0.655
  0.645
  0.625
  0.615
  0.600
  0.570
  0.535
  0.515
  0.510
  0.510
  0.500
  0.485
  0.480
  0.480
  0.475
  0.480
  0.475
  0.475
  0.475
  0.460
  0.455
  0.450
  0.450
  0.455
  0.455
  0.455
  0.445
  0.450
  0.450
  0.445
  0.450
  0.450
  0.450
  0.455
  0.455
  0.450
  0.435
  0.410
  0.425
  0.420
  0.430
  0.430
  0.430
  0.445
  0.435
  0.425
  0.430
  0.435
  0.450
  0.445
  0.450
  0.450
  0.445
  0.450
  0.450
  0.455
  0.445
  0.445
  0.450
  0.440
  0.440
  0.425
  0.430
  0.430
  0.450
  0.450
  0.455
  0.455
  0.445
  0.445
  0.430
  0.430
  0.430
  0.425
  0.425
  0.420
  0.425
  0.440
  0.425
  0.410
  0.415
  0.420
  0.420
  0.420
  0.410
  0.440
  0.430
  0.430
  0.425
  0.420
  0.425
  0.430
  0.435
  0.455
  0.445
  0.450
  0.440
  0.435
  0.435
  0.435
  0.430
  0.425
  0.430
  0.435
  0.440
  0.440
  0.445
  0.450
  0.445
  0.445
  0.435
  0.440
  0.435
  0.430
  0.425
  0.420
  0.425
  0.430
  0.430
  0.440
  0.450
  0.430
  0.450
  0.455
  0.455
  0.455
  0.440
  0.450
  0.450
  0.450
  0.475
  0.485
  0.500
  0.510
  0.510
  0.500
  0.500
  0.515
  0.540
  0.560
  0.555
  0.540
  0.525
  0.520
  0.515
  0.510
  0.505
  0.500
  0.490
  0.480
  0.460
  0.475
  0.465
  0.445
  0.450
  0.455
  0.440
  0.440
  0.435
  0.445
  0.450
  0.460
  0.475
  0.475
  0.460
  0.455
  0.455
  0.475
  0.540
  0.795
  1.190
  1.685
  2.145
  2.420
  2.375
  2.090
  1.650
  1.185
  0.785
  0.600
  0.535
  0.535
  0.540
  0.535
  0.510
  0.500
  0.495
  0.485
  0.490
  0.485
  0.495
  0.495
  0.485
  0.485
  0.490
  0.500
  0.510
  0.495
  0.485
  0.465
  0.475
  0.490
  0.495
  0.500
  0.515
  0.505
  0.515
  0.520
  0.525
  0.525
  0.515
  0.535
  0.540
  0.540
  0.540
  0.535
  0.560
  0.570
  0.570
  0.585
  0.600
  0.615
  0.640
  0.655
  0.660
  0.675
  0.690
  0.705
  0.730
  0.745
  0.750
  0.770
  0.780
  0.780
  0.785
  0.790
  0.790
  0.795
  0.775
  0.770
  0.745
  0.750
  0.725
  0.695
  0.670
  0.655
  0.620
  0.600
  0.580
  0.575
  0.565
  0.570
  0.540
  0.530
  0.520
  0.515
  0.510
  0.485
  0.495
  0.495
  0.500
  0.500
  0.500
  0.500
  0.495
  0.490
  0.500
  0.500
  0.500
  0.500
  0.495
  0.495
  0.495
  0.490
  0.485
  0.485
  0.460
  0.450
  0.455
  0.475
  0.485
  0.490
  0.485
  0.480
  0.465
  0.465
  0.465
  0.480
  0.485
  0.485
  0.485
  0.480
  0.485
  0.475
  0.475
  0.485
  0.485
  0.500
  0.485
  0.475
  0.485
  0.485
  0.485
  0.480
  0.465
  0.485
  0.495
  0.505
  0.500
  0.495
  0.485
  0.475
  0.475
  0.455
  0.450
  0.450
  0.455
  0.455
  0.465
  0.475
  0.455
  0.465
  0.475
  0.475
  0.465
  0.475
  0.460
  0.460
  0.465
  0.460
  0.450
  0.455
  0.455
  0.460
  0.475
  0.475
  0.465
  0.475
  0.455
  0.460
  0.455
  0.440
  0.455
  0.455
  0.455
  0.460
  0.450
  0.465
  0.455
  0.475
  0.475
  0.475
  0.480
  0.475
  0.465
  0.460
  0.455
  0.465
  0.465
  0.485
  0.485
  0.495
  0.490
  0.495
  0.480
  0.460
  0.455
  0.445
  0.440
  0.450
  0.465
  0.485
  0.475
  0.465
  0.480
  0.480
  0.485
  0.480
  0.475
  0.475
  0.465
  0.475
  0.465
  0.475
  0.475
  0.490
  0.490
  0.495
  0.485
  0.495
  0.500
  0.515
  0.525
  0.530
  0.540
  0.545
  0.540
  0.540
  0.560
  0.585
  0.595
  0.590
  0.595
  0.590
  0.580
  0.570
  0.535
  0.515
  0.500
  0.485
  0.465
  0.460
  0.450
  0.450
  0.445
  0.475
  0.475
  0.475
  0.485
  0.480
  0.485
  0.490
  0.485
  0.490
  0.490
  0.490
  0.495
  0.500
  0.575
  0.760
  1.115
  1.545
  1.980
  2.295
  2.325
  2.075
  1.650
  1.185
  0.785
  0.600
  0.540
  0.560
  0.560
  0.545
  0.530
  0.515
  0.505
  0.500
  0.495
  0.485
  0.475
  0.480
  0.490
  0.495
  0.495
  0.515
  0.500
  0.495
  0.495
  0.495
  0.510
  0.510
  0.520
  0.520
  0.510
  0.520
  0.525
  0.520
  0.525
  0.525
  0.535
  0.545
  0.540
  0.580
  0.580
  0.580
  0.595
  0.605
  0.585
  0.585
  0.585
  0.600
  0.605
  0.625
  0.660
  0.670
  0.700
  0.710
  0.725
  0.740
  0.745
  0.760
  0.750
  0.760
  0.770
  0.780
  0.785
  0.775
  0.785
  0.775
  0.765
  0.765
  0.750
  0.745
  0.715
  0.690
  0.660
  0.625
  0.610
  0.600
  0.585
  0.580
  0.565
  0.555
  0.555
  0.540
  0.535
  0.530
  0.515
  0.495
  0.510
  0.505
  0.515
  0.515
  0.505
  0.515
  0.515
  0.520
  0.515
  0.510
  0.515
  0.515
  0.505
  0.500
  0.490
  0.495
  0.490
  0.485
  0.495
  0.500
  0.500
  0.500
  0.490
  0.485
  0.490
  0.490
  0.495
  0.500
  0.490
  0.495
  0.490
  0.495
  0.500
  0.495
  0.495
  0.500
  0.500
  0.495
  0.495
  0.495
  0.495
  0.490
  0.500
  0.495
  0.485
  0.480
  0.460
  0.485
  0.495
  0.500
  0.500
  0.510
  0.510
  0.500
  0.490
  0.485
  0.475
  0.485
  0.485
  0.485
  0.480
  0.485
  0.465
  0.455
  0.465
  0.475
  0.475
  0.475
  0.465
  0.475
  0.475
  0.490
  0.490
  0.485
  0.480
  0.475
  0.475
  0.475
  0.475
  0.475
  0.460
  0.475
  0.475
  0.465
  0.485
  0.490
  0.500
  0.495
  0.485
  0.490
  0.495
  0.485
  0.480
  0.490
  0.495
  0.500
  0.510
  0.495
  0.485
  0.485
  0.480
  0.485
  0.495
  0.495
  0.490
  0.495
  0.485
  0.475
  0.485
  0.475
  0.485
  0.485
  0.485
  0.495
  0.500
  0.500
  0.515
  0.500
  0.500
  0.500
  0.495
  0.495
  0.495
  0.500
  0.500
  0.510
  0.515
  0.515
  0.515
  0.525
  0.520
  0.560
  0.560
  0.560
  0.560
  0.540
  0.560
  0.570
  0.595
  0.600
  0.595
  0.595
  0.585
  0.580
  0.560
  0.540
  0.525
  0.515
  0.515
  0.520
  0.515
  0.500
  0.495
  0.495
  0.495
  0.495
  0.495
  0.490
  0.500
  0.495
  0.500
  0.495
  0.495
  0.500
  0.505
  0.525
  0.610
  0.805
  1.160
  1.605
  2.030
  2.260
  2.215
  1.900
  1.440
  0.995
  0.690
  0.565
  0.575
  0.585
  0.580
  0.565
  0.535
  0.525
  0.515
  0.525
  0.520
  0.525
  0.520
  0.525
  0.525
  0.520
  0.520
  0.525
  0.530
  0.540
  0.535
  0.530
  0.540
  0.545
  0.540
  0.545
  0.560
  0.560
  0.560
  0.570
  0.570
  0.565
  0.570
  0.580
  0.585
  0.600
  0.600
  0.610
  0.625
  0.610
  0.605
  0.610
  0.640
  0.670
  0.675
  0.680
  0.685
  0.705
  0.735
  0.745
  0.760
  0.770
  0.785
  0.805
  0.795
  0.795
  0.810
  0.820
  0.820
  0.820
  0.815
  0.805
  0.790
  0.770
  0.750
  0.730
  0.705
  0.690
  0.680
  0.660
  0.645
  0.620
  0.620
  0.595
  0.585
  0.575
  0.560
  0.540
  0.540
  0.535
  0.540
  0.540
  0.555
  0.560
  0.540
  0.520
  0.530
  0.535
  0.535
  0.535
  0.515
  0.525
  0.525
  0.540
  0.535
  0.535
  0.535
  0.535
  0.535
  0.525
  0.515
  0.525
  0.530
  0.535
  0.530
  0.530
  0.535
  0.520
  0.515
  0.510
  0.520
  0.525
  0.530
  0.535
  0.535
  0.535
  0.525
  0.525
  0.515
  0.515
  0.510
  0.510
  0.510
  0.515
  0.510
  0.520
  0.515
  0.495
  0.510
  0.520
  0.525
  0.515
  0.500
  0.515
  0.515
  0.515
  0.500
  0.500
  0.500
  0.500
  0.500
  0.500
  0.500
  0.505
  0.510
  0.500
  0.500
  0.505
  0.515
  0.505
  0.510
  0.515
  0.515
  0.520
  0.515
  0.510
  0.485
  0.485
  0.475
  0.460
  0.485
  0.490
  0.495
  0.495
  0.495
  0.500
  0.490
  0.495
  0.485
  0.485
  0.490
  0.500
  0.515
  0.500
  0.475
  0.495
  0.495
  0.490
  0.485
  0.475
  0.490
  0.495
  0.495
  0.500
  0.495
  0.505
  0.505
  0.515
  0.510
  0.495
  0.495
  0.495
  0.490
  0.490
  0.495
  0.495
  0.495
  0.505
  0.500
  0.500
  0.500
  0.520
  0.535
  0.535
  0.540
  0.535
  0.555
  0.575
  0.580
  0.585
  0.600
  0.600
  0.580
  0.570
  0.560
  0.565
  0.540
  0.555
  0.540
  0.535
  0.525
  0.500
  0.500
  0.495
  0.490
  0.495
  0.490
  0.485
  0.485
  0.485
  0.485
  0.475
  0.490
  0.495
  0.510
  0.515
  0.500
  0.515
  0.580
  0.775
  1.120
  1.540
  1.940
  2.200
  2.200
  1.935
  1.510
  1.045
  0.700
  0.580
  0.560
  0.580
  0.575
  0.580
  0.545
  0.530
  0.510
  0.495
  0.495
  0.520
  0.530
  0.535
  0.515
  0.485
  0.490
  0.500
  0.520
  0.520
  0.530
  0.530
  0.535
  0.535
  0.530
  0.530
  0.540
  0.535
  0.530
  0.510
  0.525
  0.540
  0.540
  0.555
  0.560
  0.560
  0.570
  0.585
  0.595
  0.610
  0.605
  0.615
  0.620
  0.645
  0.655
  0.660
  0.675
  0.685
  0.700
  0.710
  0.730
  0.750
  0.765
  0.775
  0.780
  0.775
  0.785
  0.810
  0.780
  0.790
  0.780
  0.790
  0.795
  0.765
  0.745
  0.725
  0.715
  0.685
  0.665
  0.625
  0.595
  0.585
  0.575
  0.580
  0.575
  0.560
  0.540
  0.530
  0.510
  0.500
  0.500
  0.495
  0.500
  0.495
  0.490
  0.500
  0.500
  0.515
  0.510
  0.505
  0.510
  0.515
  0.510
  0.500
  0.495
  0.500
  0.505
  0.515
  0.500
  0.475
  0.480
  0.495
  0.495
  0.480
  0.450
  0.465
  0.480
  0.490
  0.495
  0.495
  0.495
  0.485
  0.485
  0.480
  0.465
  0.475
  0.460
  0.475
  0.475
  0.490
  0.495
  0.495
  0.495
  0.485
  0.485
  0.490
  0.485
  0.490
  0.485
  0.495
  0.485
  0.475
  0.465
  0.455
  0.450
  0.455
  0.455
  0.460
  0.475
  0.465
  0.450
  0.435
  0.435
  0.435
  0.450
  0.450
  0.430
  0.450
  0.445
  0.445
  0.445
  0.450
  0.455
  0.465
  0.455
  0.450
  0.450
  0.450
  0.440
  0.440
  0.435
  0.440
  0.430
  0.435
  0.440
  0.435
  0.435
  0.450
  0.450
  0.450
  0.455
  0.475
  0.465
  0.450
  0.450
  0.440
  0.445
  0.440
  0.435
  0.445
  0.440
  0.435
  0.430
  0.420
  0.410
  0.405
  0.425
  0.440
  0.430
  0.465
  0.455
  0.455
  0.440
  0.425
  0.430
  0.430
  0.445
  0.455
  0.445
  0.450
  0.435
  0.450
  0.430
  0.425
  0.425
  0.440
  0.455
  0.455
  0.455
  0.455
  0.475
  0.495
  0.500
  0.500
  0.495
  0.490
  0.500
  0.525
  0.535
  0.535
  0.540
  0.535
  0.535
  0.525
  0.510
  0.495
  0.475
  0.450
  0.445
  0.430
  0.410
  0.415
  0.425
  0.430
  0.425
  0.410
  0.430
  0.440
  0.430
  0.420
  0.430
  0.430
  0.440
  0.450
  0.455
  0.455
  0.510
  0.665
  0.965
  1.405
  1.870
  2.230
  2.340
  2.170
  1.785
  1.320
  0.880
  0.620
  0.520
  0.500
  0.510
  0.500
  0.475
  0.460
  0.450
  0.455
  0.450
  0.450
  0.450
  0.455
  0.455
  0.460
  0.465
  0.475
  0.465
  0.475
  0.475
  0.450
  0.475
  0.485
  0.490
  0.480
  0.455
  0.480
  0.495
  0.500
  0.500
  0.495
  0.500
  0.510
  0.510
  0.515
  0.515
  0.525
  0.540
  0.570
  0.575
  0.575
  0.580
  0.585
  0.595
  0.615
  0.620
  0.640
  0.655
  0.675
  0.690
  0.705
  0.710
  0.725
  0.735
  0.750
  0.765
  0.775
  0.765
  0.765
  0.765
  0.760
  0.750
  0.755
  0.735
  0.705
  0.675
  0.655
  0.655
  0.605
  0.580
  0.575
  0.555
  0.525
  0.515
  0.515
  0.515
  0.500
  0.500
  0.495
  0.485
  0.490
  0.485
  0.495
  0.495
  0.490
  0.465
  0.450
  0.450
  0.455
  0.455
  0.460
  0.475
  0.465
  0.465
  0.475
  0.475
  0.475
  0.475
  0.480
  0.475
  0.455
  0.450
  0.460
  0.460
  0.450
  0.475
  0.475
  0.475
  0.465
  0.445
  0.455
  0.455
  0.475
  0.455
  0.455
  0.465
  0.465
  0.460
  0.455
  0.455
  0.460
  0.465
  0.485
  0.485
  0.485
  0.475
  0.475
  0.475
  0.465
  0.465
  0.475
  0.475
  0.485
  0.465
  0.455
  0.445
  0.430
  0.450
  0.450
  0.455
  0.450
  0.460
  0.475
  0.475
  0.475
  0.455
  0.450
  0.430
  0.430
  0.435
  0.440
  0.430
  0.475
  0.475
  0.465
  0.450
  0.435
  0.455
  0.465
  0.465
  0.455
  0.445
  0.445
  0.445
  0.450
  0.445
  0.440
  0.450
  0.455
  0.455
  0.450
  0.445
  0.450
  0.450
  0.450
  0.450
  0.450
  0.450
  0.450
  0.455
  0.450
  0.455
  0.450
  0.450
  0.460
  0.475
  0.485
  0.495
  0.485
  0.460
  0.445
  0.450
  0.445
  0.440
  0.455
  0.475
  0.480
  0.475
  0.455
  0.465
  0.460
  0.460
  0.465
  0.465
  0.485
  0.485
  0.495
  0.485
  0.475
  0.465
  0.465
  0.475
  0.485
  0.495
  0.515
  0.525
  0.530
  0.535
  0.545
  0.545
  0.560
  0.575
  0.585
  0.575
  0.565
  0.545
  0.540
  0.540
  0.535
  0.525
  0.515
  0.495
  0.495
  0.490
  0.485
  0.460
  0.465
  0.475
  0.465
  0.455
  0.450
  0.475
  0.475
  0.465
  0.475
  0.475
  0.485
  0.495
  0.510
  0.500
  0.535
  0.695
  1.020
  1.475
  1.940
  2.285
  2.360
  2.120
  1.670
  1.180
  0.775
  0.585
  0.540
  0.560
  0.565
  0.565
  0.535
  0.515
  0.510
  0.495
  0.515
  0.515
  0.525
  0.515
  0.515
  0.510
  0.505
  0.515
  0.525
  0.530
  0.525
  0.515
  0.495
  0.515
  0.515
  0.530
  0.525
  0.505
  0.525
  0.525
  0.535
  0.535
  0.535
  0.565
  0.580
  0.585
  0.595
  0.600
  0.595
  0.600
  0.610
  0.625
  0.655
  0.655
  0.660
  0.660
  0.675
  0.695
  0.730
  0.750
  0.770
  0.785
  0.785
  0.805
  0.795
  0.790
  0.805
  0.795
  0.820
  0.825
  0.820
  0.810
  0.785
  0.765
  0.765
  0.730
  0.710
  0.685
  0.675
  0.660
  0.625
  0.610
  0.590
  0.585
  0.565
  0.570
  0.565
  0.560
  0.560
  0.560
  0.555
  0.560
  0.545
  0.530
  0.535
  0.530
  0.525
  0.530
  0.535
  0.535
  0.535
  0.530
  0.530
  0.530
  0.535
  0.520
  0.510
  0.520
  0.515
  0.520
  0.515
  0.520
  0.515
  0.515
  0.515
  0.520
  0.535
  0.530
  0.540
  0.535
  0.525
  0.500
  0.510
  0.495
  0.500
  0.520
  0.540
  0.555
  0.540
  0.535
  0.525
  0.510
  0.515
  0.505
  0.515
  0.510
  0.525
  0.535
  0.530
  0.530
  0.535
  0.520
  0.510
  0.500
  0.495
  0.485
  0.495
  0.500
  0.515
  0.525
  0.525
  0.515
  0.495
  0.490
  0.495
  0.495
  0.495
  0.490
  0.500
  0.490
  0.495
  0.500
  0.500
  0.480
  0.485
  0.490
  0.500
  0.495
  0.485
  0.510
  0.505
  0.500
  0.495
  0.495
  0.495
  0.495
  0.500
  0.495
  0.495
  0.495
  0.500
  0.500
  0.495
  0.485
  0.495
  0.500
  0.510
  0.495
  0.490
  0.490
  0.495
  0.500
  0.495
  0.495
  0.495
  0.500
  0.515
  0.515
  0.515
  0.510
  0.515
  0.500
  0.495
  0.485
  0.485
  0.460
  0.495
  0.495
  0.515
  0.505
  0.485
  0.495
  0.495
  0.495
  0.500
  0.495
  0.500
  0.500
  0.500
  0.510
  0.500
  0.520
  0.515
  0.515
  0.515
  0.520
  0.540
  0.555
  0.570
  0.555
  0.565
  0.570
  0.580
  0.585
  0.605
  0.605
  0.600
  0.580
  0.575
  0.570
  0.570
  0.570
  0.560
  0.540
  0.525
  0.530
  0.510
  0.510
  0.500
  0.490
  0.500
  0.495
  0.485
  0.500
  0.495
  0.495
  0.495
  0.485
  0.495
  0.490
  0.515
  0.525
  0.530
  0.580
  0.710
  1.020
  1.485
  1.960
  2.250
  2.285
  2.015
  1.565
  1.090
  0.735
  0.585
  0.560
  0.580
  0.580
  0.570
  0.545
  0.535
  0.530
  0.520
  0.520
  0.520
  0.520
  0.515
  0.515
  0.510
  0.505
  0.515
  0.520
  0.540
  0.535
  0.510
  0.515
  0.525
  0.535
  0.540
  0.525
  0.555
  0.555
  0.560
  0.560
  0.545
  0.545
  0.555
  0.555
  0.570
  0.595
  0.610
  0.610
  0.620
  0.610
  0.610
  0.620
  0.630
  0.640
  0.660
  0.680
  0.705
  0.725
  0.725
  0.735
  0.750
  0.775
  0.775
  0.785
  0.810
  0.820
  0.835
  0.835
  0.835
  0.825
  0.810
  0.795
  0.795
  0.745
  0.735
  0.710
  0.695
  0.695
  0.655
  0.640
  0.605
  0.600
  0.595
  0.565
  0.560
  0.555
  0.540
  0.535
  0.530
  0.520
  0.530
  0.535
  0.530
  0.525
  0.525
  0.525
  0.525
  0.520
  0.525
  0.520
  0.525
  0.520
  0.525
  0.500
  0.490
  0.495
  0.495
  0.495
  0.495
  0.495
  0.495
  0.495
  0.515
  0.500
  0.510
  0.500
  0.500
  0.495
  0.495
  0.460
  0.495
  0.495
  0.500
  0.500
  0.485
  0.500
  0.495
  0.500
  0.495
  0.490
  0.490
  0.485
  0.500
  0.510
  0.505
  0.515
  0.505
  0.495
  0.485
  0.480
  0.475
  0.465
  0.475
  0.465
  0.475
  0.475
  0.490
  0.485
  0.480
  0.465
  0.475
  0.465
  0.450
  0.445
  0.450
  0.455
  0.475
  0.475
  0.465
  0.465
  0.455
  0.430
  0.455
  0.450
  0.455
  0.455
  0.450
  0.460
  0.465
  0.460
  0.465
  0.465
  0.475
  0.475
  0.480
  0.475
  0.455
  0.450
  0.450
  0.440
  0.440
  0.440
  0.440
  0.430
  0.440
  0.440
  0.450
  0.455
  0.455
  0.460
  0.450
  0.455
  0.450
  0.445
  0.450
  0.435
  0.435
  0.440
  0.475
  0.475
  0.475
  0.455
  0.455
  0.455
  0.465
  0.455
  0.465
  0.450
  0.430
  0.435
  0.440
  0.450
  0.460
  0.475
  0.485
  0.475
  0.460
  0.450
  0.450
  0.465
  0.480
  0.475
  0.455
  0.450
  0.465
  0.495
  0.500
  0.510
  0.520
  0.515
  0.515
  0.535
  0.560
  0.570
  0.570
  0.565
  0.545
  0.535
  0.525
  0.510
  0.495
  0.485
  0.465
  0.465
  0.475
  0.475
  0.460
  0.455
  0.455
  0.455
  0.430
  0.445
  0.450
  0.465
  0.475
  0.450
  0.465
  0.465
  0.480
  0.485
  0.495
  0.520
  0.650
  0.915
  1.325
  1.775
  2.165
  2.335
  2.200
  1.835
  1.360
  0.875
  0.580
  0.495
  0.510
  0.535
  0.535
  0.520
  0.505
  0.495
  0.495
  0.490
  0.485
  0.475
  0.475
  0.485
  0.485
  0.485
  0.490
  0.490
  0.495
  0.495
  0.485
  0.500
  0.500
  0.500
  0.495
  0.460
  0.490
  0.500
  0.515
  0.515
  0.510
  0.500
  0.515
  0.520
  0.525
  0.520
  0.535
  0.540
  0.555
  0.570
  0.585
  0.600
  0.610
  0.625
  0.645
  0.645
  0.655
  0.685
  0.705
  0.725
  0.735
  0.745
  0.745
  0.760
  0.775
  0.785
  0.805
  0.795
  0.805
  0.790
  0.775
  0.780
  0.765
  0.745
  0.715
  0.695
  0.680
  0.670
  0.625
  0.600
  0.585
  0.580
  0.570
  0.565
  0.555
  0.540
  0.525
  0.515
  0.515
  0.500
  0.485
  0.480
  0.480
  0.495
  0.495
  0.490
  0.490
  0.475
  0.460
  0.455
  0.460
  0.475
  0.485
  0.485
  0.490
  0.485
  0.480
  0.475
  0.475
  0.455
  0.460
  0.460
  0.475
  0.475
  0.455
  0.465
  0.475
  0.485
  0.485
  0.450
  0.480
  0.485
  0.485
  0.485
  0.465
  0.485
  0.480
  0.475
  0.455
  0.440
  0.450
  0.455
  0.465
  0.475
  0.480
  0.480
  0.490
  0.490
  0.485
  0.480
  0.465
  0.455
  0.455
  0.455
  0.460
  0.465
  0.460
  0.475
  0.475
  0.455
  0.450
  0.445
  0.450
  0.455
  0.465
  0.465
  0.480
  0.475
  0.475
  0.455
  0.440
  0.425
  0.430
  0.430
  0.430
  0.435
  0.430
  0.455
  0.445
  0.445
  0.435
  0.420
  0.430
  0.435
  0.440
  0.450
  0.450
  0.455
  0.455
  0.440
  0.425
  0.435
  0.450
  0.455
  0.475
  0.485
  0.485
  0.480
  0.475
  0.460
  0.460
  0.455
  0.455
  0.450
  0.465
  0.465
  0.465
  0.445
  0.445
  0.440
  0.435
  0.445
  0.450
  0.445
  0.450
  0.440
  0.450
  0.450
  0.440
  0.455
  0.465
  0.475
  0.485
  0.465
  0.495
  0.500
  0.515
  0.515
  0.515
  0.520
  0.525
  0.530
  0.525
  0.535
  0.565
  0.575
  0.580
  0.570
  0.560
  0.545
  0.540
  0.520
  0.515
  0.515
  0.500
  0.495
  0.485
  0.465
  0.455
  0.450
  0.450
  0.450
  0.445
  0.450
  0.475
  0.485
  0.495
  0.495
  0.485
  0.475
  0.450
  0.465
  0.480
  0.495
  0.610
  0.910
  1.320
  1.785
  2.205
  2.405
  2.310
  1.935
  1.455
  0.980
  0.665
  0.540
  0.540
  0.555
  0.540
  0.525
  0.515
  0.500
  0.495
  0.495
  0.495
  0.500
  0.500
  0.495
  0.475
  0.480
  0.490
  0.495
  0.495
  0.510
  0.510
  0.515
  0.520
  0.525
  0.520
  0.520
  0.525
  0.525
  0.520
  0.530
  0.535
  0.555
  0.555
  0.540
  0.570
  0.565
  0.560
  0.570
  0.570
  0.590
  0.595
  0.610
  0.620
  0.650
  0.660
  0.680
  0.705
  0.725
  0.730
  0.735
  0.740
  0.750
  0.765
  0.765
  0.780
  0.795
  0.805
  0.815
  0.820
  0.825
  0.820
  0.790
  0.765
  0.725
  0.715
  0.690
  0.680
  0.660
  0.630
  0.615
  0.600
  0.580
  0.575
  0.570
  0.555
  0.525
  0.540
  0.525
  0.525
  0.525
  0.510
  0.535
  0.525
  0.520
  0.515
  0.515
  0.525
  0.525
  0.530
  0.525
  0.505
  0.505
  0.510
  0.500
  0.495
  0.490
  0.485
  0.485
  0.495
  0.495
  0.510
  0.500
  0.495
  0.495
  0.495
  0.500
  0.500
  0.515
  0.510
  0.510
  0.515
  0.510
  0.515
  0.515
  0.505
  0.500
  0.495
  0.475
  0.495
  0.500
  0.505
  0.500
  0.495
  0.515
  0.515
  0.515
  0.495
  0.480
  0.480
  0.485
  0.495
  0.500
  0.515
  0.525
  0.525
  0.520
  0.505
  0.490
  0.495
  0.490
  0.495
  0.495
  0.485
  0.475
  0.475
  0.480
  0.480
  0.485
  0.490
  0.460
  0.495
  0.490
  0.490
  0.490
  0.495
  0.500
  0.495
  0.485
  0.475
  0.485
  0.485
  0.495
  0.505
  0.500
  0.480
  0.500
  0.500
  0.495
  0.485
  0.485
  0.500
  0.510
  0.515
  0.500
  0.495
  0.495
  0.485
  0.475
  0.455
  0.450
  0.475
  0.495
  0.515
  0.510
  0.500
  0.490
  0.495
  0.500
  0.510
  0.515
  0.515
  0.515
  0.510
  0.495
  0.495
  0.495
  0.490
  0.490
  0.495
  0.505
  0.510
  0.510
  0.510
  0.500
  0.515
  0.500
  0.495
  0.520
  0.530
  0.530
  0.525
  0.515
  0.525
  0.540
  0.570
  0.560
  0.560
  0.570
  0.580
  0.580
  0.600
  0.610
  0.590
  0.585
  0.575
  0.570
  0.570
  0.560
  0.545
  0.540
  0.525
  0.510
  0.500
  0.495
  0.495
  0.505
  0.515
  0.515
  0.515
  0.515
  0.510
  0.510
  0.515
  0.525
  0.525
  0.520
  0.530
  0.525
  0.555
  0.680
  0.950
  1.365
  1.830
  2.205
  2.340
  2.180
  1.795
  1.325
  0.880
  0.655
  0.585
  0.580
  0.600
  0.585
  0.570
  0.545
  0.545
  0.530
  0.540
  0.540
  0.535
  0.535
  0.540
  0.525
  0.520
  0.520
  0.535
  0.555
  0.560
  0.555
  0.555
  0.555
  0.560
  0.560
  0.555
  0.540
  0.560
  0.570
  0.585
  0.595
  0.600
  0.600
  0.595
  0.600
  0.600
  0.640
  0.615
  0.640
  0.645
  0.645
  0.670
  0.660
  0.665
  0.685
  0.705
  0.730
  0.740
  0.765
  0.785
  0.790
  0.805
  0.810
  0.820
  0.825
  0.835
  0.830
  0.850
  0.855
  0.850
  0.835
  0.810
  0.790
  0.770
  0.750
  0.740
  0.715
  0.705
  0.675
  0.655
  0.645
  0.620
  0.605
  0.600
  0.585
  0.580
  0.575
  0.575
  0.560
  0.575
  0.565
  0.560
  0.560
  0.535
  0.560
  0.555
  0.560
  0.545
  0.540
  0.560
  0.570
  0.570
  0.560
  0.555
  0.535
  0.530
  0.535
  0.530
  0.540
  0.545
  0.555
  0.545
  0.540
  0.540
  0.540
  0.555
  0.540
  0.560
  0.535
  0.525
  0.525
  0.535
  0.530
  0.540
  0.540
  0.540
  0.545
  0.535
  0.540
  0.535
  0.540
  0.555
  0.555
  0.545
  0.535
  0.510
  0.535
  0.535
  0.555
  0.535
  0.530
  0.535
  0.525
  0.530
  0.530
  0.515
  0.515
  0.500
  0.515
  0.515
  0.535
  0.540
  0.545
  0.545
  0.535
  0.525
  0.515
  0.515
  0.510
  0.515
  0.520
  0.525
  0.525
  0.525
  0.520
  0.515
  0.510
  0.515
  0.520
  0.520
  0.520
  0.510
  0.500
  0.495
  0.500
  0.520
  0.515
  0.485
  0.500
  0.500
  0.520
  0.515
  0.505
  0.530
  0.530
  0.525
  0.510
  0.510
  0.515
  0.520
  0.520
  0.515
  0.515
  0.515
  0.525
  0.515
  0.510
  0.500
  0.500
  0.505
  0.515
  0.520
  0.520
  0.525
  0.535
  0.540
  0.530
  0.530
  0.515
  0.515
  0.515
  0.515
  0.520
  0.515
  0.510
  0.515
  0.510
  0.525
  0.525
  0.525
  0.570
  0.580
  0.575
  0.580
  0.560
  0.600
  0.600
  0.600
  0.605
  0.610
  0.600
  0.585
  0.570
  0.570
  0.560
  0.545
  0.535
  0.535
  0.525
  0.520
  0.510
  0.505
  0.500
  0.500
  0.500
  0.505
  0.505
  0.505
  0.500
  0.515
  0.510
  0.500
  0.520
  0.515
  0.555
  0.675
  0.980
  1.415
  1.870
  2.225
  2.325
  2.120
  1.745
  1.315
  0.900
  0.675
  0.610
  0.595
  0.600
  0.585
  0.570
  0.530
  0.530
  0.530
  0.520
  0.535
  0.535
  0.555
  0.555
  0.540
  0.535
  0.535
  0.535
  0.535
  0.525
  0.515
  0.520
  0.525
  0.535
  0.540
  0.540
  0.540
  0.555
  0.555
  0.560
  0.565
  0.580
  0.580
  0.585
  0.585
  0.595
  0.605
  0.625
  0.640
  0.640
  0.645
  0.655
  0.665
  0.680
  0.670
  0.680
  0.690
  0.715
  0.750
  0.745
  0.750
  0.765
  0.770
  0.780
  0.790
  0.805
  0.815
  0.820
  0.830
  0.820
  0.795
  0.780
  0.775
  0.765
  0.750
  0.735
  0.700
  0.685
  0.660
  0.640
  0.620
  0.595
  0.575
  0.560
  0.555
  0.545
  0.560
  0.560
  0.560
  0.560
  0.560
  0.555
  0.555
  0.535
  0.505
  0.475
  0.495
  0.500
  0.525
  0.530
  0.525
  0.540
  0.525
  0.520
  0.515
  0.500
  0.495
  0.500
  0.510
  0.510
  0.515
  0.525
  0.525
  0.525
  0.515
  0.525
  0.525
  0.535
  0.535
  0.520
  0.510
  0.510
  0.500
  0.510
  0.510
  0.520
  0.525
  0.515
  0.525
  0.515
  0.515
  0.495
  0.495
  0.500
  0.515
  0.515
  0.510
  0.500
  0.495
  0.495
  0.495
  0.510
  0.490
  0.510
  0.495
  0.500
  0.495
  0.480
  0.490
  0.490
  0.485
  0.485
  0.490
  0.500
  0.495
  0.495
  0.485
  0.485
  0.480
  0.485
  0.495
  0.485
  0.485
  0.485
  0.495
  0.495
  0.495
  0.495
  0.495
  0.495
  0.500
  0.495
  0.510
  0.500
  0.495
  0.500
  0.495
  0.495
  0.475
  0.475
  0.490
  0.490
  0.495
  0.495
  0.480
  0.495
  0.490
  0.480
  0.460
  0.450
  0.475
  0.485
  0.500
  0.500
  0.505
  0.515
  0.510
  0.500
  0.495
  0.475
  0.480
  0.485
  0.495
  0.495
  0.500
  0.510
  0.500
  0.500
  0.490
  0.500
  0.500
  0.500
  0.510
  0.515
  0.525
  0.515
  0.500
  0.495
  0.495
  0.495
  0.495
  0.495
  0.515
  0.525
  0.540
  0.540
  0.535
  0.540
  0.555
  0.560
  0.565
  0.600
  0.595
  0.595
  0.585
  0.585
  0.590
  0.570
  0.570
  0.555
  0.540
  0.535
  0.515
  0.510
  0.500
  0.495
  0.495
  0.495
  0.495
  0.500
  0.505
  0.500
  0.495
  0.485
  0.485
  0.485
  0.495
  0.510
  0.520
  0.525
  0.540
  0.620
  0.865
  1.265
  1.740
  2.125
  2.285
  2.145
  1.745
  1.305
  0.875
  0.620
  0.555
  0.540
  0.580
  0.575
  0.555
  0.535
  0.515
  0.520
  0.525
  0.525
  0.515
  0.500
  0.495
  0.495
  0.500
  0.500
  0.515
  0.510
  0.515
  0.515
  0.525
  0.530
  0.515
  0.520
  0.520
  0.520
  0.530
  0.540
  0.540
  0.545
  0.560
  0.575
  0.570
  0.575
  0.575
  0.570
  0.575
  0.595
  0.600
  0.610
  0.625
  0.640
  0.660
  0.685
  0.680
  0.685
  0.690
  0.700
  0.730
  0.735
  0.755
  0.765
  0.785
  0.785
  0.790
  0.780
  0.775
  0.775
  0.770
  0.765
  0.770
  0.745
  0.730
  0.690
  0.665
  0.650
  0.640
  0.645
  0.610
  0.605
  0.580
  0.565
  0.555
  0.535
  0.535
  0.525
  0.540
  0.530
  0.525
  0.515
  0.515
  0.505
  0.500
  0.500
  0.500
  0.495
  0.495
  0.495
  0.500
  0.500
  0.485
  0.500
  0.500
  0.510
  0.500
  0.490
  0.500
  0.495
  0.495
  0.495
  0.495
  0.485
  0.485
  0.490
  0.495
  0.500
  0.495
  0.495
  0.500
  0.490
  0.485
  0.460
  0.460
  0.485
  0.495
  0.515
  0.510
  0.510
  0.505
  0.495
  0.490
  0.485
  0.475
  0.485
  0.485
  0.495
  0.480
  0.485
  0.480
  0.485
  0.485
  0.480
  0.455
  0.465
  0.455
  0.455
  0.455
  0.455
  0.480
  0.485
  0.490
  0.480
  0.475
  0.475
  0.475
  0.475
  0.460
  0.445
  0.445
  0.450
  0.450
  0.445
  0.475
  0.465
  0.460
  0.445
  0.455
  0.455
  0.455
  0.455
  0.450
  0.435
  0.450
  0.450
  0.450
  0.455
  0.460
  0.475
  0.485
  0.475
  0.475
  0.455
  0.455
  0.455
  0.430
  0.450
  0.465
  0.465
  0.460
  0.445
  0.455
  0.450
  0.450
  0.450
  0.450
  0.455
  0.450
  0.455
  0.460
  0.455
  0.460
  0.455
  0.465
  0.455
  0.460
  0.460
  0.475
  0.480
  0.475
  0.465
  0.465
  0.465
  0.475
  0.465
  0.465
  0.460
  0.455
  0.485
  0.500
  0.515
  0.520
  0.525
  0.525
  0.525
  0.525
  0.535
  0.570
  0.570
  0.570
  0.565
  0.560
  0.535
  0.540
  0.520
  0.515
  0.495
  0.475
  0.475
  0.460
  0.455
  0.455
  0.445
  0.445
  0.440
  0.440
  0.445
  0.450
  0.455
  0.475
  0.495
  0.490
  0.500
  0.495
  0.495
  0.530
  0.670
  0.985
  1.420
  1.880
  2.205
  2.235
  1.960
  1.525
  1.040
  0.725
  0.575
  0.540
  0.540
  0.545
  0.540
  0.525
  0.515
  0.485
  0.435
  0.465
  0.475
  0.495
  0.495
  0.495
  0.500
  0.495
  0.495
  0.485
  0.495
  0.500
  0.500
  0.515
  0.505
  0.510
  0.515
  0.510
  0.500
  0.495
  0.510
  0.515
  0.525
  0.525
  0.520
  0.530
  0.535
  0.545
  0.560
  0.580
  0.580
  0.590
  0.600
  0.610
  0.640
  0.640
  0.655
  0.660
  0.670
  0.685
  0.695
  0.710
  0.755
  0.750
  0.755
  0.755
  0.765
  0.770
  0.745
  0.750
  0.740
  0.755
  0.760
  0.760
  0.735
  0.710
  0.695
  0.665
  0.650
  0.610
  0.585
  0.570
  0.560
  0.555
  0.535
  0.530
  0.520
  0.515
  0.510
  0.495
  0.495
  0.495
  0.495
  0.490
  0.495
  0.505
  0.500
  0.515
  0.500
  0.495
  0.495
  0.490
  0.485
  0.465
  0.465
  0.480
  0.485
  0.495
  0.495
  0.480
  0.495
  0.485
  0.475
  0.455
  0.445
  0.465
  0.450
  0.450
  0.450
  0.455
  0.475
  0.480
  0.490
  0.495
  0.490
  0.495
  0.490
  0.490
  0.485
  0.485
  0.475
  0.480
  0.475
  0.475
  0.465
  0.465
  0.465
  0.475
  0.475
  0.485
  0.475
  0.475
  0.475
  0.465
  0.475
  0.455
  0.450
  0.450
  0.450
  0.465
  0.455
  0.445
  0.455
  0.450
  0.455
  0.450
  0.430
  0.450
  0.440
  0.440
  0.435
  0.445
  0.450
  0.455
  0.455
  0.450
  0.440
  0.440
  0.430
  0.425
  0.435
  0.450
  0.455
  0.465
  0.455
  0.450
  0.450
  0.445
  0.455
  0.475
  0.475
  0.475
  0.455
  0.450
  0.450
  0.455
  0.450
  0.450
  0.445
  0.450
  0.450
  0.445
  0.435
  0.440
  0.440
  0.450
  0.450
  0.450
  0.430
  0.440
  0.445
  0.445
  0.430
  0.440
  0.455
  0.475
  0.460
  0.460
  0.455
  0.455
  0.455
  0.455
  0.460
  0.475
  0.475
  0.475
  0.480
  0.465
  0.465
  0.450
  0.445
  0.445
  0.450
  0.460
  0.475
  0.485
  0.490
  0.500
  0.510
  0.520
  0.520
  0.525
  0.535
  0.545
  0.560
  0.570
  0.565
  0.555
  0.545
  0.535
  0.500
  0.510
  0.515
  0.515
  0.500
  0.485
  0.495
  0.480
  0.465
  0.455
  0.430
  0.430
  0.430
  0.450
  0.475
  0.485
  0.480
  0.475
  0.465
  0.460
  0.460
  0.460
  0.480
  0.560
  0.740
  1.065
  1.480
  1.905
  2.200
  2.250
  2.005
  1.600
  1.110
  0.765
  0.580
  0.535
  0.530
  0.540
  0.540
  0.525
  0.500
  0.485
  0.450
  0.475
  0.485
  0.495
  0.485
  0.465
  0.485
  0.480
  0.485
  0.485
  0.480
  0.500
  0.500
  0.505
  0.510
  0.505
  0.510
  0.510
  0.510
  0.500
  0.505
  0.505
  0.515
  0.520
  0.525
  0.520
  0.525
  0.525
  0.535
  0.560
  0.575
  0.595
  0.580
  0.600
  0.610
  0.615
  0.630
  0.645
  0.655
  0.675
  0.690
  0.715
  0.730
  0.740
  0.745
  0.750
  0.760
  0.780
  0.765
  0.770
  0.755
  0.760
  0.770
  0.755
  0.750
  0.730
  0.710
  0.695
  0.660
  0.640
  0.610
  0.600
  0.580
  0.555
  0.540
  0.535
  0.515
  0.510
  0.500
  0.505
  0.510
  0.510
  0.510
  0.515
  0.505
  0.505
  0.500
  0.500
  0.495
  0.495
  0.495
  0.485
  0.495
  0.500
  0.510
  0.495
  0.485
  0.465
  0.460
  0.450
  0.495
  0.500
  0.495
  0.485
  0.465
  0.490
  0.485
  0.495
  0.490
  0.485
  0.490
  0.485
  0.485
  0.475
  0.460
  0.480
  0.480
  0.490
  0.485
  0.495
  0.485
  0.485
  0.480
  0.475
  0.480
  0.485
  0.485
  0.485
  0.480
  0.485
  0.485
  0.485
  0.465
  0.460
  0.465
  0.475
  0.480
  0.490
  0.485
  0.480
  0.480
  0.460
  0.475
  0.475
  0.480
  0.475
  0.450
  0.455
  0.455
  0.450
  0.440
  0.435
  0.445
  0.450
  0.455
  0.460
  0.465
  0.455
  0.455
  0.450
  0.450
  0.465
  0.475
  0.475
  0.480
  0.480
  0.465
  0.455
  0.450
  0.455
  0.455
  0.475
  0.455
  0.450
  0.455
  0.475
  0.465
  0.460
  0.455
  0.455
  0.445
  0.450
  0.455
  0.475
  0.465
  0.465
  0.465
  0.460
  0.445
  0.480
  0.480
  0.485
  0.475
  0.460
  0.485
  0.485
  0.465
  0.450
  0.450
  0.460
  0.475
  0.485
  0.475
  0.465
  0.455
  0.450
  0.435
  0.450
  0.455
  0.480
  0.490
  0.495
  0.500
  0.515
  0.535
  0.540
  0.540
  0.530
  0.525
  0.525
  0.535
  0.570
  0.580
  0.570
  0.565
  0.570
  0.555
  0.540
  0.540
  0.525
  0.490
  0.485
  0.465
  0.475
  0.465
  0.450
  0.455
  0.455
  0.450
  0.450
  0.450
  0.475
  0.480
  0.490
  0.495
  0.495
  0.495
  0.495
  0.485
  0.505
  0.580
  0.770
  1.120
  1.560
  1.975
  2.235
  2.200
  1.895
  1.445
  1.005
  0.675
  0.545
  0.535
  0.570
  0.560
  0.530
  0.510
  0.495
  0.490
  0.485
  0.495
  0.495
  0.495
  0.500
  0.500
  0.505
  0.500
  0.480
  0.485
  0.475
  0.490
  0.490
  0.495
  0.500
  0.510
  0.510
  0.515
  0.515
  0.510
  0.495
  0.500
  0.500
  0.515
  0.530
  0.555
  0.555
  0.560
  0.560
  0.560
  0.570
  0.570
  0.585
  0.590
  0.605
  0.625
  0.640
  0.655
  0.665
  0.685
  0.685
  0.690
  0.705
  0.700
  0.735
  0.750
  0.755
  0.765
  0.765
  0.780
  0.805
  0.780
  0.775
  0.750
  0.730
  0.725
  0.680
  0.660
  0.645
  0.625
  0.615
  0.580
  0.565
  0.560
  0.545
  0.540
  0.540
  0.520
  0.520
  0.510
  0.505
  0.495
  0.495
  0.490
  0.495
  0.495
  0.485
  0.485
  0.480
  0.485
  0.490
  0.485
  0.490
  0.490
  0.495
  0.495
  0.490
  0.490
  0.490
  0.495
  0.495
  0.490
  0.475
  0.490
  0.490
  0.485
  0.480
  0.450
  0.465
  0.460
  0.480
  0.475
  0.465
  0.475
  0.475
  0.485
  0.485
  0.485
  0.490
  0.485
  0.485
  0.475
  0.465
  0.465
  0.475
  0.480
  0.480
  0.485
  0.485
  0.495
  0.495
  0.480
  0.465
  0.455
  0.440
  0.455
  0.455
  0.455
  0.455
  0.450
  0.455
  0.455
  0.475
  0.460
  0.475
  0.455
  0.450
  0.455
  0.450
  0.440
  0.450
  0.450
  0.450
  0.450
  0.450
  0.465
  0.475
  0.480
  0.460
  0.450
  0.450
  0.440
  0.450
  0.450
  0.450
  0.445
  0.445
  0.445
  0.455
  0.460
  0.455
  0.450
  0.435
  0.435
  0.440
  0.450
  0.465
  0.485
  0.475
  0.480
  0.480
  0.465
  0.475
  0.455
  0.455
  0.445
  0.455
  0.465
  0.485
  0.485
  0.465
  0.435
  0.455
  0.455
  0.475
  0.455
  0.450
  0.455
  0.455
  0.450
  0.455
  0.445
  0.465
  0.465
  0.465
  0.450
  0.455
  0.460
  0.475
  0.485
  0.490
  0.495
  0.500
  0.510
  0.525
  0.520
  0.520
  0.515
  0.515
  0.535
  0.555
  0.580
  0.575
  0.565
  0.545
  0.540
  0.555
  0.535
  0.515
  0.500
  0.490
  0.490
  0.490
  0.465
  0.480
  0.475
  0.465
  0.465
  0.440
  0.450
  0.450
  0.455
  0.475
  0.465
  0.475
  0.465
  0.485
  0.480
  0.475
  0.520
  0.665
  0.980
  1.415
  1.850
  2.180
  2.285
  2.110
  1.730
  1.255
  0.845
  0.620
  0.545
  0.555
  0.555
  0.540
  0.515
  0.515
  0.510
  0.515
  0.515
  0.505
  0.500
  0.495
  0.495
  0.485
  0.485
  0.485
  0.495
  0.495
  0.495
  0.485
  0.500
  0.510
  0.515
  0.515
  0.495
  0.515
  0.510
  0.515
  0.520
  0.530
  0.555
  0.545
  0.555
  0.540
  0.560
  0.580
  0.585
  0.600
  0.600
  0.605
  0.620
  0.625
  0.625
  0.645
  0.660
  0.680
  0.705
  0.710
  0.705
  0.730
  0.750
  0.750
  0.750
  0.750
  0.755
  0.770
  0.785
  0.810
  0.805
  0.795
  0.790
  0.775
  0.735
  0.705
  0.675
  0.655
  0.655
  0.610
  0.595
  0.585
  0.580
  0.560
  0.565
  0.555
  0.540
  0.535
  0.510
  0.500
  0.500
  0.500
  0.510
  0.505
  0.515
  0.515
  0.520
  0.520
  0.515
  0.515
  0.510
  0.515
  0.515
  0.515
  0.500
  0.500
  0.500
  0.505
  0.510
  0.510
  0.515
  0.515
  0.510
  0.495
  0.490
  0.495
  0.495
  0.500
  0.500
  0.495
  0.485
  0.500
  0.495
  0.495
  0.495
  0.500
  0.515
  0.515
  0.520
  0.510
  0.500
  0.500
  0.490
  0.495
  0.485
  0.495
  0.500
  0.500
  0.500
  0.500
  0.500
  0.500
  0.495
  0.485
  0.480
  0.475
  0.485
  0.480
  0.485
  0.480
  0.475
  0.475
  0.485
  0.485
  0.495
  0.495
  0.485
  0.495
  0.495
  0.485
  0.490
  0.490
  0.460
  0.480
  0.480
  0.490
  0.490
  0.480
  0.480
  0.485
  0.485
  0.485
  0.475
  0.460
  0.450
  0.460
  0.475
  0.490
  0.495
  0.495
  0.490
  0.485
  0.465
  0.475
  0.475
  0.485
  0.475
  0.485
  0.480
  0.495
  0.500
  0.500
  0.490
  0.490
  0.495
  0.495
  0.495
  0.495
  0.480
  0.485
  0.495
  0.495
  0.490
  0.495
  0.480
  0.500
  0.500
  0.500
  0.500
  0.465
  0.485
  0.480
  0.495
  0.500
  0.515
  0.530
  0.535
  0.555
  0.555
  0.545
  0.560
  0.560
  0.565
  0.580
  0.580
  0.580
  0.570
  0.575
  0.580
  0.585
  0.565
  0.560
  0.535
  0.515
  0.500
  0.495
  0.475
  0.490
  0.485
  0.485
  0.490
  0.490
  0.490
  0.485
  0.495
  0.490
  0.500
  0.495
  0.495
  0.520
  0.505
  0.485
  0.525
  0.630
  0.880
  1.275
  1.745
  2.140
  2.330
  2.215
  1.860
  1.395
  0.960
  0.680
  0.575
  0.565
  0.580
  0.570
  0.555
  0.535
  0.520
  0.505
  0.500
  0.495
  0.500
  0.505
  0.500
  0.515
  0.510
  0.500
  0.500
  0.520
  0.525
  0.535
  0.540
  0.525
  0.525
  0.525
  0.530
  0.540
  0.540
  0.555
  0.540
  0.520
  0.535
  0.540
  0.555
  0.545
  0.540
  0.580
  0.595
  0.600
  0.605
  0.605
  0.615
  0.630
  0.645
  0.670
  0.680
  0.695
  0.700
  0.730
  0.725
  0.735
  0.750
  0.755
  0.765
  0.775
  0.790
  0.795
  0.810
  0.810
  0.805
  0.790
  0.785
  0.770
  0.755
  0.735
  0.700
  0.685
  0.675
  0.665
  0.655
  0.640
  0.625
  0.620
  0.580
  0.560
  0.555
  0.545
  0.515
  0.530
  0.535
  0.540
  0.525
  0.525
  0.535
  0.535
  0.535
  0.525
  0.525
  0.535
  0.540
  0.540
  0.535
  0.525
  0.525
  0.515
  0.525
  0.510
  0.495
  0.490
  0.500
  0.515
  0.515
  0.525
  0.525
  0.515
  0.535
  0.525
  0.515
  0.510
  0.515
  0.515
  0.525
  0.535
  0.535
  0.530
  0.525
  0.515
  0.520
  0.510
  0.495
  0.515
  0.510
  0.515
  0.500
  0.495
  0.510
  0.515
  0.520
  0.515
  0.520
  0.520
  0.520
  0.515
  0.510
  0.500
  0.495
  0.510
  0.515
  0.515
  0.500
  0.495
  0.485
  0.500
  0.495
  0.515
  0.510
  0.515
  0.510
  0.495
  0.495
  0.500
  0.490
  0.495
  0.500
  0.510
  0.500
  0.495
  0.495
  0.490
  0.495
  0.495
  0.460
  0.490
  0.485
  0.495
  0.490
  0.460
  0.475
  0.480
  0.495
  0.500
  0.505
  0.515
  0.515
  0.510
  0.490
  0.485
  0.490
  0.500
  0.515
  0.515
  0.520
  0.505
  0.500
  0.495
  0.480
  0.475
  0.465
  0.465
  0.475
  0.465
  0.465
  0.460
  0.465
  0.495
  0.495
  0.500
  0.495
  0.485
  0.495
  0.495
  0.490
  0.490
  0.495
  0.510
  0.515
  0.530
  0.535
  0.535
  0.560
  0.555
  0.540
  0.535
  0.555
  0.575
  0.595
  0.600
  0.605
  0.605
  0.585
  0.575
  0.560
  0.535
  0.530
  0.520
  0.505
  0.495
  0.485
  0.475
  0.460
  0.475
  0.475
  0.475
  0.480
  0.485
  0.485
  0.495
  0.490
  0.485
  0.485
  0.485
  0.485
  0.495
  0.560
  0.750
  1.075
  1.495
  1.920
  2.235
  2.260
  2.000
  1.575
  1.110
  0.750
  0.595
  0.540
  0.560
  0.560
  0.545
  0.535
  0.515
  0.500
  0.490
  0.485
  0.495
  0.485
  0.495
  0.490
  0.495
  0.500
  0.505
  0.515
  0.515
  0.510
  0.495
  0.495
  0.495
  0.490
  0.495
  0.500
  0.515
  0.515
  0.515
  0.520
  0.535
  0.540
  0.555
  0.560
  0.540
  0.540
  0.545
  0.540
  0.520
  0.560
  0.575
  0.585
  0.605
  0.640
  0.640
  0.655
  0.660
  0.670
  0.690
  0.700
  0.710
  0.735
  0.735
  0.745
  0.750
  0.760
  0.770
  0.775
  0.775
  0.765
  0.760
  0.760
  0.755
  0.745
  0.735
  0.710
  0.685
  0.665
  0.630
  0.610
  0.595
  0.570
  0.540
  0.535
  0.515
  0.515
  0.515
  0.500
  0.500
  0.495
  0.490
  0.475
  0.475
  0.475
  0.485
  0.475
  0.485
  0.475
  0.465
  0.460
  0.460
  0.475
  0.460
  0.465
  0.460
  0.465
  0.475
  0.460
  0.455
  0.450
  0.445
  0.455
  0.455
  0.455
  0.450
  0.450
  0.450
  0.450
  0.450
  0.445
  0.450
  0.450
  0.445
  0.455
  0.455
  0.455
  0.450
  0.450
  0.455
  0.455
  0.465
  0.450
  0.445
  0.435
  0.450
  0.445
  0.440
  0.415
  0.430
  0.435
  0.455
  0.435
  0.425
  0.435
  0.430
  0.425
  0.430
  0.435
  0.450
  0.445
  0.440
  0.435
  0.430
  0.425
  0.420
  0.425
  0.420
  0.425
  0.430
  0.435
  0.450
  0.445
  0.430
  0.425
  0.420
  0.425
  0.425
  0.415
  0.410
  0.410
  0.415
  0.415
  0.425
  0.420
  0.430
  0.430
  0.430
  0.430
  0.430
  0.415
  0.425
  0.415
  0.430
  0.435
  0.415
  0.435
  0.435
  0.430
  0.415
  0.415
  0.415
  0.430
  0.435
  0.430
  0.415
  0.420
  0.430
  0.425
  0.435
  0.435
  0.430
  0.430
  0.430
  0.435
  0.430
  0.440
  0.445
  0.445
  0.440
  0.440
  0.450
  0.445
  0.485
  0.490
  0.500
  0.495
  0.505
  0.520
  0.525
  0.540
  0.525
  0.520
  0.510
  0.510
  0.515
  0.510
  0.480
  0.485
  0.465
  0.455
  0.445
  0.425
  0.440
  0.430
  0.435
  0.435
  0.430
  0.435
  0.440
  0.430
  0.430
  0.435
  0.440
  0.445
  0.450
  0.450
  0.450
  0.495
  0.645
  0.920
  1.320
  1.765
  2.140
  2.325
  2.205
  1.860
  1.405
  0.950
  0.650
  0.535
  0.515
  0.525
  0.520
  0.500
  0.485
  0.475
  0.450
  0.445
  0.430
  0.450
  0.455
  0.475
  0.475
  0.445
  0.475
  0.465
  0.475
  0.485
  0.475
  0.485
  0.475
  0.475
  0.460
  0.475
  0.485
  0.490
  0.495
  0.495
  0.495
  0.500
  0.510
  0.525
  0.520
  0.520
  0.520
  0.535
  0.540
  0.555
  0.580
  0.585
  0.580
  0.595
  0.615
  0.640
  0.655
  0.660
  0.670
  0.680
  0.690
  0.700
  0.730
  0.735
  0.750
  0.750
  0.755
  0.775
  0.770
  0.775
  0.765
  0.765
  0.750
  0.725
  0.705
  0.685
  0.665
  0.655
  0.625
  0.605
  0.580
  0.565
  0.545
  0.535
  0.515
  0.515
  0.500
  0.495
  0.485
  0.480
  0.465
  0.475
  0.475
  0.475
  0.475
  0.485
  0.480
  0.480
  0.475
  0.475
  0.480
  0.475
  0.465
  0.460
  0.465
  0.465
  0.460
  0.475
  0.465
  0.440
  0.460
  0.455
  0.450
  0.450
  0.430
  0.450
  0.455
  0.455
  0.455
  0.450
  0.465
  0.465
  0.465
  0.455
  0.455
  0.455
  0.455
  0.455
  0.450
  0.455
  0.465
  0.465
  0.475
  0.475
  0.485
  0.480
  0.475
  0.465
  0.455
  0.455
  0.450
  0.455
  0.450
  0.450
  0.450
  0.445
  0.455
  0.455
  0.455
  0.455
  0.450
  0.425
  0.435
  0.435
  0.440
  0.450
  0.435
  0.445
  0.450
  0.455
  0.455
  0.450
  0.445
  0.440
  0.450
  0.450
  0.445
  0.440
  0.440
  0.445
  0.445
  0.450
  0.445
  0.450
  0.450
  0.450
  0.450
  0.440
  0.440
  0.440
  0.430
  0.435
  0.440
  0.430
  0.460
  0.465
  0.465
  0.465
  0.455
  0.455
  0.455
  0.455
  0.455
  0.450
  0.455
  0.455
  0.455
  0.445
  0.435
  0.455
  0.455
  0.455
  0.450
  0.435
  0.450
  0.460
  0.475
  0.465
  0.455
  0.475
  0.475
  0.480
  0.475
  0.485
  0.500
  0.510
  0.525
  0.520
  0.520
  0.520
  0.525
  0.530
  0.555
  0.560
  0.560
  0.555
  0.545
  0.540
  0.555
  0.530
  0.525
  0.515
  0.500
  0.495
  0.485
  0.480
  0.475
  0.460
  0.465
  0.465
  0.440
  0.455
  0.455
  0.460
  0.475
  0.450
  0.465
  0.480
  0.485
  0.485
  0.495
  0.535
  0.685
  0.985
  1.415
  1.900
  2.260
  2.375
  2.190
  1.810
  1.345
  0.915
  0.665
  0.580
  0.570
  0.575
  0.565
  0.535
  0.525
  0.505
  0.510
  0.495
  0.500
  0.495
  0.495
  0.495
  0.495
  0.495
  0.500
  0.500
  0.515
  0.500
  0.480
  0.500
  0.500
  0.515
  0.505
  0.495
  0.500
  0.505
  0.520
  0.515
  0.515
  0.520
  0.520
  0.535
  0.545
  0.560
  0.570
  0.580
  0.590
  0.600
  0.595
  0.610
  0.620
  0.645
  0.655
  0.665
  0.670
  0.680
  0.690
  0.710
  0.715
  0.740
  0.745
  0.755
  0.770
  0.775
  0.795
  0.795
  0.815
  0.810
  0.795
  0.795
  0.790
  0.765
  0.745
  0.715
  0.690
  0.690
  0.655
  0.625
  0.600
  0.585
  0.570
  0.580
  0.565
  0.560
  0.555
  0.535
  0.530
  0.515
  0.510
  0.515
  0.515
  0.520
  0.515
  0.520
  0.515
  0.510
  0.510
  0.500
  0.510
  0.500
  0.515
  0.500
  0.510
  0.500
  0.505
  0.505
  0.500
  0.495
  0.495
  0.500
  0.500
  0.500
  0.495
  0.490
  0.500
  0.510
  0.510
  0.485
  0.500
  0.500
  0.505
  0.500
  0.485
  0.495
  0.495
  0.495
  0.495
  0.495
  0.500
  0.500
  0.500
  0.500
  0.500
  0.490
  0.490
  0.485
  0.495
  0.490
  0.495
  0.490
  0.500
  0.495
  0.500
  0.495
  0.495
  0.495
  0.495
  0.495
  0.495
  0.495
  0.495
  0.490
  0.495
  0.485
  0.475
  0.475
  0.475
  0.460
  0.465
  0.465
  0.485
  0.485
  0.485
  0.485
  0.475
  0.490
  0.490
  0.485
  0.485
  0.485
  0.485
  0.480
  0.485
  0.480
  0.475
  0.485
  0.485
  0.485
  0.485
  0.495
  0.495
  0.485
  0.475
  0.465
  0.485
  0.480
  0.495
  0.485
  0.485
  0.485
  0.485
  0.475
  0.495
  0.485
  0.495
  0.495
  0.485
  0.485
  0.485
  0.495
  0.495
  0.495
  0.485
  0.485
  0.500
  0.495
  0.485
  0.495
  0.495
  0.495
  0.495
  0.475
  0.490
  0.495
  0.495
  0.515
  0.525
  0.540
  0.555
  0.560
  0.555
  0.555
  0.560
  0.580
  0.590
  0.595
  0.590
  0.580
  0.585
  0.575
  0.570
  0.560
  0.540
  0.530
  0.525
  0.515
  0.505
  0.500
  0.495
  0.485
  0.485
  0.485
  0.485
  0.485
  0.495
  0.495
  0.500
  0.490
  0.485
  0.505
  0.515
  0.515
  0.520
  0.615
  0.805
  1.155
  1.600
  2.020
  2.325
  2.315
  2.040
  1.610
  1.145
  0.775
  0.610
  0.580
  0.580
  0.580
  0.560
  0.540
  0.535
  0.520
  0.520
  0.520
  0.515
  0.515
  0.515
  0.520
  0.515
  0.520
  0.515
  0.520
  0.515
  0.515
  0.515
  0.525
  0.535
  0.535
  0.540
  0.530
  0.535
  0.535
  0.530
  0.535
  0.535
  0.530
  0.560
  0.560
  0.560
  0.575
  0.605
  0.605
  0.620
  0.615
  0.615
  0.625
  0.645
  0.655
  0.660
  0.675
  0.685
  0.700
  0.715
  0.715
  0.740
  0.750
  0.765
  0.770
  0.770
  0.785
  0.790
  0.795
  0.815
  0.805
  0.805
  0.780
  0.770
  0.750
  0.745
  0.725
  0.705
  0.685
  0.660
  0.650
  0.625
  0.610
  0.595
  0.560
  0.570
  0.555
  0.555
  0.535
  0.520
  0.530
  0.525
  0.525
  0.515
  0.510
  0.510
  0.515
  0.515
  0.515
  0.515
  0.505
  0.515
  0.510
  0.510
  0.500
  0.495
  0.495
  0.500
  0.500
  0.500
  0.500
  0.500
  0.500
  0.500
  0.500
  0.495
  0.490
  0.490
  0.495
  0.495
  0.490
  0.490
  0.485
  0.495
  0.495
  0.500
  0.495
  0.510
  0.515
  0.510
  0.500
  0.490
  0.500
  0.495
  0.495
  0.490
  0.485
  0.495
  0.495
  0.495
  0.485
  0.475
  0.475
  0.480
  0.480
  0.475
  0.475
  0.475
  0.475
  0.480
  0.480
  0.480
  0.480
  0.475
  0.465
  0.475
  0.475
  0.465
  0.450
  0.480
  0.465
  0.475
  0.455
  0.450
  0.450
  0.455
  0.475
  0.475
  0.485
  0.480
  0.465
  0.460
  0.465
  0.450
  0.460
  0.455
  0.460
  0.455
  0.450
  0.465
  0.455
  0.450
  0.445
  0.455
  0.460
  0.455
  0.455
  0.455
  0.460
  0.465
  0.465
  0.465
  0.465
  0.475
  0.475
  0.465
  0.460
  0.455
  0.465
  0.460
  0.465
  0.465
  0.455
  0.465
  0.450
  0.455
  0.465
  0.465
  0.465
  0.455
  0.450
  0.450
  0.450
  0.460
  0.455
  0.445
  0.485
  0.515
  0.535
  0.530
  0.510
  0.525
  0.540
  0.570
  0.580
  0.565
  0.560
  0.560
  0.555
  0.535
  0.530
  0.510
  0.510
  0.500
  0.485
  0.485
  0.460
  0.450
  0.445
  0.440
  0.435
  0.430
  0.435
  0.440
  0.430
  0.435
  0.430
  0.450
  0.465
  0.475
  0.475
  0.480
  0.515
  0.645
  0.900
  1.290
  1.730
  2.115
  2.265
  2.120
  1.730
  1.255
  0.830
  0.590
  0.525
  0.525
  0.530
  0.525
  0.505
  0.495
  0.485
  0.480
  0.475
  0.475
  0.455
  0.455
  0.455
  0.460
  0.455
  0.465
  0.480
  0.480
  0.475
  0.475
  0.460
  0.460
  0.460
  0.475
  0.465
  0.480
  0.485
  0.485
  0.485
  0.485
  0.495
  0.505
  0.515
  0.535
  0.535
  0.530
  0.535
  0.545
  0.560
  0.570
  0.555
  0.580
  0.580
  0.590
  0.610
  0.645
  0.645
  0.650
  0.660
  0.670
  0.695
  0.715
  0.730
  0.735
  0.745
  0.745
  0.750
  0.755
  0.745
  0.735
  0.715
  0.705
  0.700
  0.680
  0.665
  0.645
  0.625
  0.600
  0.580
  0.545
  0.540
  0.525
  0.515
  0.505
  0.490
  0.485
  0.455
  0.455
  0.455
  0.465
  0.465
  0.460
  0.435
  0.450
  0.450
  0.445
  0.445
  0.430
  0.450
  0.445
  0.440
  0.440
  0.430
  0.435
  0.435
  0.440
  0.430
  0.425
  0.430
  0.430
  0.430
  0.435
  0.440
  0.450
  0.450
  0.440
  0.435
  0.430
  0.430
  0.430
  0.430
  0.430
  0.420
  0.415
  0.400
  0.415
  0.430
  0.430
  0.425
  0.440
  0.440
  0.440
  0.435
  0.430
  0.415
  0.410
  0.400
  0.410
  0.410
  0.400
  0.415
  0.415
  0.415
  0.415
  0.410
  0.410
  0.415
  0.415
  0.410
  0.390
  0.390
  0.375
  0.380
  0.390
  0.390
  0.400
  0.410
  0.410
  0.410
  0.410
  0.405
  0.410
  0.400
  0.395
  0.395
  0.390
  0.395
  0.390
  0.395
  0.390
  0.395
  0.395
  0.395
  0.395
  0.400
  0.395
  0.400
  0.395
  0.395
  0.395
  0.400
  0.390
  0.410
  0.410
  0.410
  0.400
  0.380
  0.395
  0.395
  0.395
  0.400
  0.395
  0.405
  0.410
  0.400
  0.390
  0.400
  0.400
  0.410
  0.410
  0.400
  0.405
  0.395
  0.390
  0.405
  0.410
  0.430
  0.430
  0.440
  0.450
  0.460
  0.475
  0.475
  0.475
  0.485
  0.500
  0.515
  0.500
  0.485
  0.480
  0.475
  0.475
  0.455
  0.430
  0.435
  0.420
  0.415
  0.410
  0.390
  0.390
  0.380
  0.370
  0.380
  0.380
  0.405
  0.410
  0.405
  0.410
  0.405
  0.415
  0.415
  0.420
  0.410
  0.410
  0.450
  0.610
  0.925
  1.370
  1.865
  2.230
  2.330
  2.145
  1.755
  1.265
  0.840
  0.570
  0.475
  0.460
  0.465
  0.475
  0.475
  0.460
  0.450
  0.450
  0.435
  0.435
  0.430
  0.430
  0.435
  0.440
  0.410
  0.425
  0.425
  0.430
  0.435
  0.430
  0.450
  0.450
  0.445
  0.440
  0.435
  0.440
  0.440
  0.455
  0.465
  0.465
  0.485
  0.475
  0.495
  0.495
  0.500
  0.515
  0.515
  0.525
  0.525
  0.535
  0.555
  0.560
  0.575
  0.585
  0.600
  0.625
  0.630
  0.665
  0.670
  0.680
  0.690
  0.695
  0.700
  0.715
  0.730
  0.735
  0.750
  0.735
  0.750
  0.735
  0.735
  0.735
  0.695
  0.670
  0.655
  0.625
  0.615
  0.590
  0.575
  0.555
  0.535
  0.515
  0.495
  0.490
  0.490
  0.485
  0.475
  0.475
  0.475
  0.480
  0.465
  0.450
  0.445
  0.440
  0.430
  0.430
  0.430
  0.430
  0.435
  0.440
  0.435
  0.440
  0.435
  0.445
  0.445
  0.440
  0.440
  0.435
  0.430
  0.435
  0.435
  0.435
  0.435
  0.415
  0.430
  0.430
  0.435
  0.430
  0.445
  0.450
  0.450
  0.450
  0.450
  0.445
  0.445
  0.430
  0.425
  0.430
  0.440
  0.440
  0.445
  0.440
  0.435
  0.450
  0.450
  0.450
  0.445
  0.440
  0.440
  0.440
  0.425
  0.440
  0.435
  0.445
  0.430
  0.430
  0.430
  0.425
  0.440
  0.440
  0.435
  0.425
  0.425
  0.430
  0.430
  0.415
  0.440
  0.435
  0.435
  0.430
  0.415
  0.430
  0.440
  0.440
  0.435
  0.430
  0.425
  0.435
  0.435
  0.440
  0.430
  0.435
  0.435
  0.435
  0.430
  0.430
  0.425
  0.430
  0.435
  0.430
  0.435
  0.430
  0.435
  0.440
  0.435
  0.445
  0.435
  0.440
  0.435
  0.435
  0.440
  0.435
  0.445
  0.455
  0.455
  0.455
  0.450
  0.435
  0.450
  0.450
  0.450
  0.450
  0.430
  0.450
  0.455
  0.475
  0.485
  0.495
  0.510
  0.515
  0.515
  0.520
  0.535
  0.560
  0.540
  0.540
  0.525
  0.535
  0.520
  0.515
  0.500
  0.495
  0.485
  0.475
  0.460
  0.450
  0.445
  0.445
  0.440
  0.430
  0.435
  0.445
  0.450
  0.450
  0.455
  0.455
  0.450
  0.455
  0.450
  0.450
  0.450
  0.475
  0.555
  0.770
  1.165
  1.620
  2.085
  2.360
  2.320
  1.995
  1.510
  1.030
  0.715
  0.580
  0.540
  0.555
  0.540
  0.530
  0.500
  0.485
  0.480
  0.485
  0.495
  0.495
  0.475
  0.460
  0.455
  0.465
  0.465
  0.475
  0.465
  0.490
  0.495
  0.495
  0.495
  0.495
  0.485
  0.485
  0.465
  0.485
  0.495
  0.505
  0.515
  0.515
  0.510
  0.515
  0.510
  0.535
  0.545
  0.570
  0.570
  0.555
  0.570
  0.590
  0.595
  0.610
  0.625
  0.640
  0.655
  0.670
  0.685
  0.690
  0.700
  0.725
  0.725
  0.750
  0.765
  0.785
  0.795
  0.795
  0.815
  0.805
  0.805
  0.780
  0.765
  0.745
  0.710
  0.690
  0.670
  0.655
  0.640
  0.620
  0.605
  0.600
  0.585
  0.580
  0.565
  0.560
  0.515
  0.515
  0.495
  0.495
  0.490
  0.480
  0.485
  0.485
  0.490
  0.495
  0.490
  0.495
  0.495
  0.495
  0.490
  0.495
  0.490
  0.480
  0.480
  0.485
  0.495
  0.500
  0.490
  0.500
  0.495
  0.485
  0.485
  0.475
  0.490
  0.490
  0.495
  0.485
  0.455
  0.475
  0.465
  0.485
  0.475
  0.485
  0.475
  0.475
  0.475
  0.460
  0.475
  0.475
  0.485
  0.485
  0.485
  0.455
  0.485
  0.480
  0.495
  0.490
  0.475
  0.485
  0.475
  0.475
  0.475
  0.455
  0.460
  0.475
  0.475
  0.460
  0.455
  0.460
  0.460
  0.475
  0.460
  0.475
  0.475
  0.455
  0.460
  0.455
  0.450
  0.450
  0.450
  0.465
  0.460
  0.475
  0.465
  0.475
  0.465
  0.455
  0.455
  0.450
  0.450
  0.450
  0.455
  0.475
  0.460
  0.450
  0.455
  0.450
  0.455
  0.460
  0.450
  0.475
  0.460
  0.475
  0.465
  0.465
  0.475
  0.465
  0.460
  0.455
  0.455
  0.475
  0.465
  0.465
  0.460
  0.475
  0.475
  0.475
  0.480
  0.475
  0.475
  0.465
  0.475
  0.475
  0.465
  0.480
  0.485
  0.485
  0.480
  0.475
  0.465
  0.475
  0.460
  0.475
  0.480
  0.495
  0.500
  0.490
  0.505
  0.515
  0.525
  0.530
  0.525
  0.535
  0.535
  0.555
  0.545
  0.565
  0.585
  0.580
  0.580
  0.580
  0.570
  0.565
  0.540
  0.535
  0.535
  0.525
  0.515
  0.500
  0.500
  0.495
  0.490
  0.485
  0.465
  0.480
  0.490
  0.485
  0.475
  0.455
  0.475
  0.480
  0.485
  0.485
  0.495
  0.500
  0.515
  0.580
  0.765
  1.125
  1.595
  2.055
  2.330
  2.285
  1.975
  1.525
  1.070
  0.730
  0.595
  0.545
  0.580
  0.580
  0.540
  0.515
  0.500
  0.500
  0.515
  0.515
  0.510
  0.495
  0.500
  0.500
  0.505
  0.500
  0.495
  0.495
  0.510
  0.515
  0.510
  0.525
  0.535
  0.535
  0.535
  0.525
  0.525
  0.525
  0.535
  0.540
  0.555
  0.560
  0.560
  0.575
  0.580
  0.590
  0.585
  0.600
  0.620
  0.600
  0.615
  0.630
  0.655
  0.680
  0.670
  0.670
  0.675
  0.695
  0.725
  0.735
  0.735
  0.750
  0.765
  0.780
  0.785
  0.795
  0.805
  0.810
  0.810
  0.810
  0.795
  0.790
  0.770
  0.745
  0.740
  0.725
  0.690
  0.685
  0.660
  0.640
  0.620
  0.600
  0.585
  0.570
  0.570
  0.560
  0.555
  0.555
  0.555
  0.535
  0.530
  0.535
  0.535
  0.530
  0.520
  0.500
  0.525
  0.520
  0.525
  0.515
  0.515
  0.515
  0.515
  0.515
  0.500
  0.500
  0.510
  0.520
  0.520
  0.515
  0.520
  0.520
  0.510
  0.515
  0.510
  0.520
  0.505
  0.515
  0.515
  0.500
  0.500
  0.495
  0.490
  0.500
  0.500
  0.515
  0.515
  0.515
  0.530
  0.525
  0.515
  0.505
  0.500
  0.505
  0.510
  0.520
  0.510
  0.490
  0.500
  0.500
  0.510
  0.515
  0.495
  0.495
  0.490
  0.485
  0.490
  0.490
  0.495
  0.495
  0.490
  0.495
  0.480
  0.495
  0.495
  0.495
  0.495
  0.485
  0.485
  0.485
  0.490
  0.495
  0.490
  0.490
  0.485
  0.480
  0.475
  0.465
  0.465
  0.475
  0.480
  0.485
  0.490
  0.490
  0.495
  0.495
  0.495
  0.495
  0.485
  0.455
  0.465
  0.480
  0.485
  0.480
  0.450
  0.475
  0.465
  0.475
  0.480
  0.480
  0.480
  0.485
  0.485
  0.480
  0.465
  0.475
  0.475
  0.480
  0.495
  0.495
  0.490
  0.495
  0.500
  0.500
  0.490
  0.485
  0.475
  0.485
  0.485
  0.495
  0.495
  0.485
  0.500
  0.495
  0.485
  0.480
  0.485
  0.480
  0.485
  0.485
  0.485
  0.485
  0.495
  0.500
  0.515
  0.500
  0.480
  0.495
  0.500
  0.515
  0.515
  0.525
  0.540
  0.540
  0.555
  0.540
  0.540
  0.560
  0.580
  0.585
  0.580
  0.575
  0.580
  0.600
  0.585
  0.580
  0.560
  0.540
  0.530
  0.515
  0.500
  0.495
  0.495
  0.495
  0.495
  0.495
  0.495
  0.495
  0.490
  0.490
  0.485
  0.485
  0.485
  0.485
  0.490
  0.495
  0.495
  0.520
  0.665
  0.900
  1.290
  1.740
  2.125
  2.310
  2.180
  1.810
  1.340
  0.920
  0.655
  0.560
  0.565
  0.585
  0.575
  0.565
  0.540
  0.530
  0.520
  0.525
  0.520
  0.500
  0.490
  0.495
  0.500
  0.520
  0.515
  0.510
  0.515
  0.515
  0.515
  0.515
  0.520
  0.515
  0.515
  0.530
  0.530
  0.535
  0.535
  0.535
  0.555
  0.560
  0.540
  0.570
  0.580
  0.570
  0.570
  0.570
  0.590
  0.605
  0.615
  0.625
  0.645
  0.655
  0.680
  0.680
  0.695
  0.705
  0.705
  0.715
  0.730
  0.745
  0.750
  0.765
  0.775
  0.775
  0.780
  0.770
  0.775
  0.790
  0.795
  0.805
  0.770
  0.755
  0.750
  0.735
  0.730
  0.705
  0.695
  0.680
  0.665
  0.645
  0.610
  0.595
  0.585
  0.580
  0.565
  0.560
  0.565
  0.545
  0.555
  0.555
  0.535
  0.535
  0.510
  0.520
  0.525
  0.520
  0.515
  0.515
  0.515
  0.515
  0.515
  0.510
  0.520
  0.515
  0.515
  0.510
  0.520
  0.515
  0.515
  0.510
  0.515
  0.515
  0.520
  0.520
  0.515
  0.520
  0.515
  0.510
  0.510
  0.505
  0.500
  0.510
  0.520
  0.515
  0.510
  0.515
  0.510
  0.520
  0.515
  0.500
  0.515
  0.505
  0.510
  0.505
  0.495
  0.515
  0.500
  0.495
  0.495
  0.495
  0.495
  0.495
  0.495
  0.495
  0.485
  0.485
  0.465
  0.460
  0.475
  0.490
  0.500
  0.505
  0.515
  0.515
  0.510
  0.495
  0.495
  0.490
  0.485
  0.485
  0.475
  0.455
  0.455
  0.465
  0.475
  0.485
  0.485
  0.485
  0.465
  0.485
  0.465
  0.475
  0.475
  0.480
  0.485
