-1.1501
-1.1537
-1.1577
-1.1036
-1.1379
-1.1556
-1.1182
-1.0446
-1.0759
-1.0437
-1.087
-1.2881
-1.2936
-1.2491
-1.2792
-1.2443
-1.2834
-1.2999
-1.2168
-1.2121
-1.1838
-1.0982
-0.54499
-0.8797
-0.67109
-0.51645
-0.24422
-0.26009
-0.19709
-0.13583
-0.084628
0.042461
0.055988
0.35402
0.38387
0.36862
0.70564
-0.89215
-0.90398
-0.28479
-0.19501
-0.10863
0.73108
0.73301
0.75353
0.77299
0.77212
0.7708
0.72871
0.89627
0.72607
0.3512
0.31738
0.26816
0.52777
0.28147
0.23786
0.083657
0.10611
-0.067518
-0.17873
-0.2803
-0.32516
-0.52274
-0.63346
0.52106
0.5329
-1.3103
-1.3341
-1.3398
-1.3346
-1.3359
-1.2094
-1.1624
-1.0825
-1.0381
-1.03
-1.1213
-1.1506
-1.1732
-1.3324
-1.3447
-1.3248
-1.3429
-1.3473
-1.3472
-1.3547
-1.3629
-1.3473
-1.3496
-1.3168
-1.2457
-1.2577
-1.0997
-1.0392
0.58003
0.83815
0.80856
0.7573
0.80281
0.93718
1.0983
1.2121
1.4075
1.2317
1.0921
0.1535
0.91772
0.95472
-0.0040042
0.94892
0.0088315
0.042902
0.07413
0.281
0.59006
1.0993
1.3069
1.1753
1.4412
1.5035
1.3341
1.5265
1.3627
1.2009
1.4127
1.3047
1.2114
1.113
1.048
0.9797
0.89732
0.83996
0.75537
-1.3164
-1.3442
-1.3568
-1.3339
-1.3531
-1.3872
-1.3987
-1.4207
-1.4196
-1.4281
-1.4136
-1.4126
-1.4192
-1.4193
-1.412
-1.398
-1.3886
-1.392
-1.3877
-1.3778
-1.3964
-1.391
-1.3942
-1.4088
-1.4013
-1.3915
-1.3943
-1.3985
-1.4034
-1.409
-1.4169
-1.4319
-1.4418
-1.4323
-1.4174
-1.4318
-1.4288
-1.406
-1.3886
-1.3573
-1.2987
-1.2609
-1.2232
0.3644
0.75661
0.75321
0.75475
0.79442
0.79865
0.89146
1.087
1.1431
1.2133
0.98453
1.117
-0.077398
0.86037
0.85948
0.92177
0.95657
1.0076
0.081292
0.96903
0.21938
1.0349
1.0146
0.99806
0.96619
1.0861
1.1741
1.3635
1.4329
1.307
1.2813
0.99317
1.2268
1.0914
1.0192
0.88285
0.66017
-1.0154
-1.2699
-1.3737
-1.3791
-1.4433
-1.4667
-1.4749
-1.4691
-1.4114
-1.4087
-1.4234
-1.3782
-1.4069
-1.4373
-1.4341
-1.4232
-1.4201
-1.4221
-1.43
-1.4173
-1.4258
-1.4151
-1.4228
-1.4302
-1.389
-1.3881
-1.3759
-1.3567
-1.3475
-1.3596
-1.3369
-1.2647
-1.2206
0.30788
0.32157
0.69466
0.81123
0.81669
1.0149
1.0291
0.43226
0.55422
0.33909
0.065642
-0.091648
-0.12783
0.81745
0.87589
0.91242
0.90361
0.99041
1.0066
0.98925
0.90035
0.9782
1.0579
0.96346
0.66998
1.0621
1.3115
1.1281
1.2354
1.0768
1.0719
1.2406
1.1704
0.99422
0.98425
0.70221
-1.1288
-1.1614
-1.2191
-1.2522
-1.3365
-1.3569
-1.3843
-1.3533
-1.3818
-1.4088
-1.4048
-1.4088
-1.3995
-1.4011
-1.3742
-1.382
-1.4172
-1.3981
-1.3986
-1.4002
-1.3929
-1.3965
-1.4051
-1.4174
-1.3998
-1.425
-1.4359
-1.425
-1.4234
-1.4231
-1.4292
-1.4675
-1.4476
-1.4622
-1.4373
-1.4235
-1.4235
-1.4036
-1.4352
-1.4391
-1.4135
-1.4089
-1.3873
-1.3968
-1.3525
-1.2588
-1.2672
-1.054
0.65462
0.73137
0.81593
0.81365
0.78104
0.84414
0.91186
0.93713
0.97567
1.1289
1.2129
1.047
0.97428
0.88568
0.9233
0.92882
1.0498
1.0455
0.14128
1.0322
0.9949
0.97104
0.94801
-0.21333
0.22469
0.42335
1.2991
1.395
1.318
1.4156
1.5636
1.583
1.3668
1.1853
1.3722
1.3122
1.3147
1.2178
1.009
0.77218
-1.1691
-1.266
-1.2696
-1.3783
-1.4257
-1.4051
-1.4323
-1.4784
-1.4623
-1.4735
-1.4646
-1.4539
-1.4387
-1.4434
-1.4441
-1.4322
-1.4463
-1.4469
-1.454
-1.4533
-1.4472
-1.4653
-1.4592
-1.466
-1.4322
-1.4279
-1.4199
-1.4235
-1.4238
-1.3808
-1.3757
-1.3702
-1.3683
-1.4109
-1.4011
-1.3559
-1.3515
-1.3426
-1.3471
-1.3502
-1.2921
-1.2607
-1.1763
0.56004
0.8725
1.0345
1.0475
1.3574
0.18128
0.87003
0.89768
0.40255
1.1982
0.78736
0.70364
-0.14157
-0.18777
1.0935
1.1341
0.70485
1.5383
1.5377
1.4502
1.6497
1.5778
1.6053
1.4102
1.4342
1.3082
1.0604
-1.0404
-1.2483
-1.3555
-1.236
-1.3858
-1.4868
-1.4887
-1.5002
-1.548
-1.5293
-1.5243
-1.5199
-1.5192
-1.5273
-1.4827
-1.5268
-1.503
-1.5278
-1.4815
-1.5166
-1.5027
-1.4949
-1.4876
-1.4833
-1.4927
-1.4975
-1.4702
-1.4905
-1.49
-1.4848
-1.4782
-1.4939
-1.4817
-1.5143
-1.4976
-1.4911
-1.4705
-1.4591
-1.4615
-1.437
-1.4684
-1.4444
-1.4463
-1.415
-1.3992
-1.3608
-1.3039
-1.2497
-1.1561
-0.98123
0.82927
1.0469
1.0345
1.282
1.4081
1.0869
0.26693
1.3375
1.2666
-0.50425
-0.39599
-0.16392
-0.098175
-0.24012
-0.12915
0.72918
1.403
1.4223
1.5487
1.6592
1.3971
1.4785
1.4024
1.1119
-1.179
-1.1547
-1.1865
-1.3479
-1.446
-1.5263
-1.5311
-1.5718
-1.5685
-1.5716
-1.5511
-1.5457
-1.5415
-1.5362
-1.5584
-1.5422
-1.5349
-1.534
-1.5593
-1.5373
-1.527
-1.5433
-1.5272
-1.536
-1.5309
-1.5016
-1.51
-1.517
-1.522
-1.5062
-1.5083
-1.5125
-1.524
-1.5177
-1.5152
-1.5152
-1.5101
-1.5281
-1.5248
-1.5275
-1.5226
-1.5004
-1.517
-1.4967
-1.5008
-1.4589
-1.4791
-1.4739
-1.4663
-1.4703
-1.4618
-1.4763
-1.4416
-1.3854
-1.2581
-1.2345
0.20247
0.6385
0.94332
1.0898
1.3124
1.3187
1.0059
0.97627
1.2334
1.2015
1.2147
-0.50499
-0.40403
-0.39295
-0.48751
-0.40062
-0.38739
0.029363
0.95935
1.4765
1.4896
1.6697
1.6782
1.6379
1.3788
1.5596
1.0521
-1.0056
-1.1144
-1.2911
-1.2846
-1.4002
-1.4549
-1.4877
-1.4801
-1.4764
-1.4971
-1.4995
-1.4824
-1.4821
-1.4916
-1.4687
-1.4697
-1.4381
-1.457
-1.4787
-1.474
-1.4798
-1.4758
-1.4847
-1.4232
-1.3731
-1.4466
-1.4129
-1.4625
-1.4697
-1.449
-1.4321
-1.4291
-1.4287
-1.4575
-1.4416
-1.4363
-1.458
-1.4515
-1.4527
-1.443
-1.4354
-1.4427
-1.4564
-1.4275
-1.4539
-1.4494
-1.4603
-1.4316
-1.4735
-1.4655
-1.4245
-1.4099
-1.3647
-1.3032
-1.165
0.21126
0.54249
0.9179
0.95294
1.0548
1.2685
0.34161
0.58559
0.60837
0.23102
0.0041447
-0.2769
-0.13604
-0.14644
-0.13815
-0.21676
-0.30691
-0.41504
0.80736
1.332
1.3124
1.5645
1.6311
1.3969
1.3312
1.2542
1.1014
0.93889
-1.1295
-1.1703
-1.3223
-1.3436
-1.437
-1.4045
-1.4512
-1.4953
-1.4455
-1.5179
-1.4318
-1.4574
-1.4562
-1.4051
-1.4202
-1.466
-1.4548
-1.4508
-1.4434
-1.4477
-1.4365
-1.4299
-1.4111
-1.4257
-1.4225
-1.3982
-1.3966
-1.3928
-1.3751
-1.3829
-1.415
-1.3798
-1.4509
-1.4437
-1.3239
-1.3252
-1.3611
-1.3105
-1.3834
-1.4001
-1.4093
-1.4132
-1.439
-1.423
-1.4117
-1.4201
-1.409
-1.4318
-1.3983
-1.3924
-1.3941
-1.3468
-1.256
-1.2012
0.42225
0.78741
1.1027
1.2219
1.0763
1.5334
1.1735
0.66217
-0.25523
0.014655
-0.07392
-0.01547
-0.13856
-0.13961
-0.19711
-0.19766
0.098212
1.1012
1.4335
1.4805
1.4655
1.205
1.4125
1.2651
1.0245
-1.0906
-1.1732
-1.246
-1.335
-1.4515
-1.4926
-1.5153
-1.5125
-1.523
-1.5048
-1.5112
-1.5113
-1.5046
-1.4991
-1.4941
-1.4858
-1.5047
-1.5067
-1.5127
-1.5163
-1.4876
-1.4692
-1.5232
-1.5072
-1.5067
-1.4915
-1.4824
-1.4823
-1.498
-1.5049
-1.5
-1.5014
-1.4837
-1.506
-1.4315
-1.4272
-1.4421
-1.4152
-1.4408
-1.4316
-0.55057
-0.63289
-0.64132
-0.62918
-0.70115
-0.72267
-0.77886
-0.73062
-0.73472
-0.67259
-0.66065
-0.55077
-0.66227
-0.62545
-0.55811
-0.58186
-0.53784
-0.62636
-1.1446
-0.65091
-0.50999
-0.46581
-0.63508
-0.83833
-0.81976
-0.94726
-0.91166
-0.79656
-0.84941
-0.59093
-0.598
-0.62189
-0.89199
-1.1157
-1.1131
-1.2751
-0.89313
-0.80322
-0.64054
-0.63407
-0.74398
-0.9388
-1.0053
-0.84356
-0.78358
-0.73061
-0.76387
-0.49778
-0.48234
-0.51555
-0.9704
-0.64386
-1.0979
-0.81735
-0.4963
-0.40381
-0.44653
-0.70397
-0.7483
-0.84335
-0.84624
-0.85109
-0.57997
-0.53885
-0.4887
-0.54919
-0.58023
-0.86772
-0.88894
-1.0925
-0.82175
-0.70861
-0.64353
-1.3933
-0.61263
-0.85324
-0.96012
-0.98191
-0.83529
-0.8068
-0.90455
-1.0505
-0.97961
-1.0663
-0.86973
-0.77223
-0.52485
-0.53634
-0.81637
-1.1212
-1.2594
-1.2626
-1.2614
-1.2272
-0.66979
-0.6351
-0.72912
-0.89898
-0.93291
-0.97504
-0.77076
-0.77212
-0.8863
-0.51248
-0.61586
-0.70819
-1.2767
-1.2673
-1.3231
-1.2989
-1.4022
-1.3921
-1.3808
-0.86764
-1.2666
-0.94155
-0.87378
-0.85238
-0.88738
-0.51089
-0.50091
-0.52937
-1.0004
-1.0683
-1.1068
-1.1188
-0.86691
-0.34804
-0.41115
-0.72564
-1.0235
-1.1255
-1.2841
-1.2306
-1.1933
-0.67308
-0.42355
-0.6621
-1.1287
-1.1859
-1.1568
-1.1191
-1.1681
-0.48835
-0.36424
-0.54026
-0.62236
-0.84146
-0.98798
-0.91852
-0.96356
-0.84147
-0.41369
-0.5625
-0.95834
-1.194
-1.1717
-1.1986
-1.0249
-1.1687
-0.57304
-0.59817
-0.64315
-0.59376
-0.7034
-0.91736
-0.97514
-0.87442
-0.81747
-0.91803
-0.78468
-0.8189
-0.61145
-0.57509
-0.68395
-1.1432
-1.1752
-1.1724
-1.0546
-0.95681
-1.3469
-1.3477
-0.94296
-1.2304
-1.2165
-1.0999
-1.198
-0.79579
-1.4722
-0.61084
-0.73563
-1.2124
-1.2572
-1.1632
-1.1729
-1.0369
-0.57298
-0.57267
-0.87404
-1.2488
-1.4622
-1.3932
-1.1046
-1.1036
-0.88789
-0.45632
-0.50939
-0.74697
-1.0023
-1.0926
-0.95625
-0.42263
-1.3488
-1.4021
-0.79332
-1.0502
-1.5839
-1.4504
-1.2756
-1.192
-0.95377
-1.4969
-1.3714
-0.52252
-0.62862
-0.59173
-1.0249
-0.44593
-0.38631
-0.32687
-0.42562
-0.85041
-0.92487
-1.0278
-0.96609
-0.85368
-1.0633
-0.91773
-0.5166
-0.52526
-0.61512
-0.66281
-0.67175
-0.72562
-0.53661
-0.88165
-0.83145
-0.83602
-0.78539
-0.60345
-0.64258
-0.41803
-0.52555
-0.71543
-0.72619
-0.63455
-0.68029
-0.47056
-1.3505
-1.4189
-1.4276
-1.0824
-1.469
-1.3551
-1.5255
-1.0528
-0.72637
-0.62361
-0.66636
-0.86107
-1.2413
-1.3093
-1.2964
-1.0607
-0.51114
-0.49226
-0.9298
-0.95548
-1.271
-1.269
-0.92436
-0.96935
-0.58593
-0.40012
-0.49752
-0.79314
-0.81433
-0.86324
-0.68275
-0.60028
-0.4144
-0.43669
-0.57877
-1.0236
-1.0394
-1.0259
-0.98503
-0.86607
-0.8579
-0.619
-0.61161
-0.82147
-0.93126
-0.96361
-1.0155
-0.84516
-0.66243
-0.49853
-0.53732
-0.60215
-0.8267
-0.94086
-0.93785
-0.82977
-0.60527
-0.55957
-0.47679
-0.6727
-0.85821
-0.88997
-0.63458
-0.65543
-0.67043
-0.65797
-0.69462
-0.68864
-0.55405
-0.56428
-0.72769
-0.93107
-0.94472
-1.017
-0.84467
-0.69754
-0.67601
-0.66089
-0.53897
-0.51344
-0.69297
-0.63578
-0.53068
-0.50701
-0.40014
-0.6284
-0.90221
-1.0923
-1.1081
-0.96929
-0.79016
-0.63553
-0.62758
-0.73898
-0.84996
-0.99931
-0.98735
-0.95133
-0.61862
-0.62545
-0.52753
-0.72725
-0.89484
-0.99255
-1.1091
-1.0164
-0.88147
-0.79403
-0.47186
-0.47353
-0.80629
-0.93308
-0.95489
-0.95563
-0.83703
-0.5241
-0.41812
-0.60718
-0.69552
-1.0152
-1.1864
-1.153
-1.0293
-0.86873
-0.68548
-0.65456
-0.78576
-0.87971
-0.88488
-0.89135
-0.93114
-0.56032
-0.56228
-0.42441
-0.61532
-0.81699
-0.95293
-1.0906
-0.98064
-1.1326
-0.7114
-0.57042
-0.48426
-0.56697
-0.57431
-0.69985
-0.80615
-0.89402
-0.8125
-0.67818
-0.62747
-0.61959
-0.52422
-0.67918
-0.80383
-0.64477
-0.60847
-0.50216
-0.44419
-0.52758
-0.88922
-0.96821
-1.1924
-0.99701
-0.81436
-0.68296
-0.60845
-0.82133
-0.80955
-0.9741
-0.95686
-1.0018
-0.83088
-0.64018
-0.66602
-0.779
-1.1055
-1.5575
-1.5714
-1.5388
-1.5315
-0.929
-0.66687
-0.59067
-0.69403
-0.77145
-0.79827
-0.87354
-0.63122
-0.60108
-0.411
-0.75155
-0.91008
-1.0923
-1.0749
-1.0614
-0.83693
-0.76356
-0.5109
-0.57647
-0.48414
-0.55571
-0.59381
-0.5424
-0.45419
-0.42428
-0.39766
-0.59523
-0.95109
-1.1076
-1.1332
-0.91832
-0.8344
-0.70218
-0.53791
-0.63866
-0.79237
-0.77355
-0.88978
-0.83268
-0.60662
-0.51263
-0.63155
-0.75822
-0.58751
-0.45858
-0.62069
-0.82643
-1.0451
-1.0405
-1.0595
-0.96785
-0.66494
-0.56262
-0.56539
-0.64271
-0.84098
-0.94325
-0.96592
-0.96739
-0.71808
-0.55018
-0.55621
-0.86413
-1.0104
-1.0028
-1.0059
-0.89133
-0.70794
-0.65698
-0.4873
-0.65546
-0.89183
-0.94012
-0.89568
-1.0273
-0.62524
-0.5295
-0.53441
-0.77564
-1.0244
-1.0645
-1.6281
-1.1535
-1.0236
-0.67949
-0.53855
-0.67026
-0.86952
-0.86922
-0.93496
-0.96184
-0.70779
-0.63338
-0.6043
-0.84474
-1.2056
-1.2643
-1.0698
-1.0916
-1.5675
-0.67329
-0.65723
-0.83161
-0.73652
-0.78762
-0.80858
-0.72127
-0.67584
-0.65358
-0.51189
-0.78249
-0.9706
-1.1294
-0.98559
-0.90475
-0.81197
-0.69338
-0.61025
-0.58883
-0.72698
-0.82937
-0.59938
-0.8334
-0.73091
-0.73399
-0.62405
-0.81672
-0.44888
-0.56889
-0.89716
-1.2959
-1.4721
-1.0129
-0.76629
-0.77815
-0.57476
-0.58845
-0.69405
-0.67041
-0.80923
-1.1829
-1.3054
-0.72096
-0.59997
-0.92916
-1.0073
-1.1385
-1.1283
-1.2826
-1.0445
-1.0137
-0.55532
-0.73508
-0.78465
-0.8736
-1.059
-1.0773
-0.96421
-0.7311
-0.61161
-0.79144
-0.95824
-1.0887
-1.0416
-0.94216
-1.1175
-0.61877
-0.51599
-0.67755
-0.98828
-0.98644
-0.8445
-0.94408
-0.95988
-0.48839
-0.51768
-0.84456
-1.0191
-1.0805
-0.99777
-0.86888
-0.73846
-0.58336
-0.46018
-0.50783
-0.96302
-0.98862
-0.93611
-0.90167
-0.80742
-0.81071
-0.52616
-0.60363
-0.80831
-0.8708
-1.0392
-0.98168
-1.0044
-0.68536
-0.61056
-0.48837
-0.99963
-1.4936
-0.97196
-0.90105
-0.75771
-0.65848
-0.72653
-0.75102
-0.55686
-0.66224
-0.52672
-0.69305
-0.41769
-0.37202
-0.68399
-0.88585
-0.90492
-1.0414
-1.0743
-0.82472
-0.88619
-0.53784
-0.75859
-0.47841
-0.84471
-0.4614
-0.72774
-0.60693
-0.36658
-0.44489
-0.72064
-0.82223
-1.5248
-1.5727
-1.6053
-1.5608
-0.74179
-0.67931
-0.79568
-0.91339
-0.98012
-0.95257
-0.92504
-0.82729
-0.5767
-0.51147
-0.73934
-0.96978
-1.5842
-1.3938
-1.1792
-1.4923
-0.8786
-0.73192
-0.54176
-0.78688
-0.90804
-1.0207
-1.0067
-0.95771
-0.729
-0.72208
-0.86148
-1.4128
-1.4846
-1.4803
-1.4424
-1.566
-0.96796
-0.80697
-0.77562
-0.97901
-0.9763
-1.0477
-1.0585
-1.0481
-0.74635
-0.59218
-0.79647
-0.84745
-0.51963
-0.40977
-0.48309
-0.70618
-0.8686
-0.9347
-0.86202
-0.83818
-0.69823
-0.6485
-0.77822
-0.85012
-0.94686
-1.0252
-0.88251
-1.2303
-0.73502
-0.59404
-0.8623
-1.0225
-1.3442
-1.4608
-1.0732
-1.4286
-0.65539
-0.54257
-0.70298
-0.91016
-1.0929
-0.97163
-0.95966
-1.2967
-0.55701
-0.55221
-0.73254
-1.0119
-1.072
-1.1431
-1.0458
-1.396
-0.71623
-0.58489
-0.64905
-0.85044
-0.96684
-1.003
-1.0218
-1.1038
-0.75874
-0.62015
-0.75488
-1.3037
-1.3471
-1.4015
-1.4249
-1.5171
-1.0727
-0.69246
-0.84925
-0.91993
-1.2201
-1.0404
-1.2615
-1.4258
-1.362
-1.0051
-0.87708
-1.4147
-1.4496
-1.277
-1.2452
-1.4249
-0.82272
-0.68995
-0.744
-1.0211
-1.2559
-1.2445
-1.3445
-1.3684
-1.4201
-1.2455
-0.87304
-0.9046
-0.87572
-1.0407
-1.0318
-1.0166
-0.44926
-0.79454
-0.87917
-0.75844
-0.54854
-0.86764
-1.0183
-0.99425
-0.8823
-0.96266
-0.97946
-0.88901
-0.93211
-0.84993
-0.84674
-0.74634
-0.7962
-0.83297
-0.84552
-1.0076
-1.6609
-1.6151
-1.5178
-0.98953
-1.1771
-1.1308
-0.77606
-0.75232
-0.41321
-0.52719
-0.80457
-0.2657
-0.40075
-0.28082
-0.61111
-1.0992
-0.97126
-0.93976
-0.98919
-0.5099
-0.29696
-0.53176
-0.81774
0.047696
-0.49106
-0.61567
-0.54457
-0.31938
-0.067746
-0.69481
-0.27078
-0.31463
-0.26942
-0.50626
-0.76568
-0.18227
-0.26862
-1.3177
-1.387
-1.5285
-1.5424
-0.32801
-0.4999
-0.89632
-0.73539
-0.96776
-0.95942
-1.3877
-1.4331
-1.4923
-1.1518
-1.1265
-0.48466
-0.48019
-0.46125
-0.54471
-0.53246
-0.53035
-0.48843
-0.36498
-0.51798
-0.46391
-0.50506
-0.59278
-0.68317
-0.78962
-0.76367
-0.94774
-0.87511
-0.95241
-1.0653
-1.0437
-1.0751
-1.0656
-1.0011
-1.0012
-1.0034
-0.95251
-0.94974
-0.74002
-0.45819
-1.3627
-1.4768
-1.5928
-0.14918
-0.85481
-0.36145
-0.015519
-0.061799
-0.13058
-0.084832
-0.085147
-0.63438
-0.25548
-0.54228
-0.29574
-1.2281
-0.21017
-0.9194
-0.046337
-0.43195
-0.43936
-0.3646
-0.39914
-0.38641
0.29309
-0.44223
-0.46086
-0.42714
-0.47921
-0.39729
-0.27121
-0.37353
-0.34205
-0.29732
-0.30678
-0.25455
0.15956
-0.29595
0.43133
-0.0094928
-0.4329
-0.325
-0.33604
0.28367
-0.38352
-0.4151
-0.36722
0.20976
-0.43825
-0.43838
-0.40719
0.84103
0.83681
0.84068
0.78625
0.7415
0.77002
0.65166
0.59261
0.44132
0.46008
0.41455
0.52283
0.38061
0.40218
0.19333
0.089599
-0.51872
-0.68632
-0.71019
-0.86094
-1.1035
-0.92974
-0.91804
-0.89532
-0.91271
-0.84315
-0.58188
-1.282
-1.1911
-0.24499
-0.83566
-0.69431
0.068746
-0.48556
-0.63314
0.044171
-0.82116
0.16335
-0.39197
0.12185
-0.76724
-0.54846
-1.0444
-0.93614
-0.30262
-0.2551
-0.20463
-0.24886
-0.29906
-0.27708
-0.31057
-0.35371
-0.8391
-0.86825
-0.33424
-0.84424
-0.62116
-0.44708
-0.44356
-0.39062
-0.79661
-0.64257
-0.55232
-0.52745
-0.078598
-0.073609
-0.063761
-0.051712
-0.70627
-0.44328
-0.70853
-0.074393
-0.076431
-0.69907
-0.59237
-0.64768
-0.52385
-0.5261
-0.074961
-0.7834
0.93104
0.93208
0.91524
0.90632
0.82656
0.81601
0.68579
0.665
0.59451
0.52717
0.432
0.34538
-0.50529
-0.62781
-0.53611
-0.64143
-0.73782
-0.82809
-0.91093
-1.0065
-1.0309
-1.0152
-0.82167
-0.80928
-1.6152
-1.616
-1.4734
-0.82374
-0.60653
-0.38945
-0.9219
-1.2343
-0.90968
-0.84434
-0.80404
-0.355
-0.74656
-0.84091
-1.0255
-0.80945
-0.073977
-0.44749
-0.42583
-0.51348
-0.38894
-0.2463
-0.83602
-0.73469
0.015388
-0.15377
-0.49948
-1.0721
-0.62862
-1.0832
-0.018918
-0.1078
-0.70127
0.011237
-0.16176
-0.32926
-0.27323
0.011208
-0.52029
-0.19507
-0.19265
-0.19335
-0.67479
-0.66581
-0.72959
-0.52005
-0.68052
-0.67319
-0.66757
-0.31142
-0.68836
-0.11345
-0.079768
-0.051089
-0.11673
-0.21823
0.9234
0.9232
0.95589
0.89032
0.87898
0.85368
0.80719
0.79988
0.77595
0.7564
0.64695
0.56622
0.55322
0.53237
0.49896
0.43054
0.28411
-0.40094
-0.51725
-0.81903
-0.85983
-0.93781
-0.98478
-0.99449
-0.949
-0.96727
-0.97523
-1.0142
-0.75893
-0.61048
-0.73832
-0.41629
-0.41933
-0.52072
-0.75072
0.026714
-0.40454
-0.6335
-0.53766
-0.54702
-0.21277
-0.36119
-0.31586
-0.65528
0.039176
-0.1338
-0.95594
-0.0034893
-0.38031
-0.087944
-0.22034
-0.083495
-0.11986
0.077662
-0.55206
-0.40527
-0.38161
-0.47981
-0.3531
-0.68754
-0.40196
-0.63424
-0.84967
-0.63261
-0.80414
-0.58974
-0.53196
-0.51368
-0.6112
-0.57671
-0.49841
-0.77778
-0.6746
-0.4608
-0.24203
-0.86829
-0.17381
-0.1955
-0.050581
-0.038842
0.98311
0.97953
0.96498
0.9718
0.84732
0.78032
0.6456
0.59873
0.47135
0.40151
0.38006
0.2638
0.26223
-0.39511
-0.55713
-0.81379
-0.79447
-1.0932
-0.91203
-0.93928
-0.89301
-0.83311
-0.78243
-0.89933
-0.80663
-0.79395
-0.37596
-1.3976
-0.44448
-0.69155
-0.47787
-0.39772
-0.074216
-0.45707
-0.44646
-1.2962
-0.1069
-1.0868
-1.1387
-0.98167
-0.89136
-1.0802
-1.0918
-0.78966
-0.98449
-1.0964
-1.0326
-1.1447
-0.044601
-0.70389
-1.023
-0.96112
-1.1765
-1.2029
-0.95003
-0.98373
-1.0277
-1.0299
-1.0634
-1.0412
-1.1252
-0.9276
-1.0198
-0.90821
-1.0297
-1.1826
-1.0493
-1.038
-1.1726
-1.241
-1.1402
-1.0124
-0.97999
-0.7229
-0.79809
-0.85354
-0.81595
-0.92315
-0.92437
-0.85046
0.14296
0.16591
0.38837
0.41965
0.3541
0.64278
-0.66644
-0.71019
-0.66873
-0.65148
-0.57621
-0.54789
-0.4661
-0.46065
-0.61204
-0.53032
-0.6031
-0.73842
-0.91007
-0.97636
-0.91165
-0.85502
-0.83616
-0.87464
-0.85884
-0.8026
-0.80412
-0.64208
-0.87864
-0.91192
-1.21
-1.1762
-1.0995
-0.94775
-1.3306
-0.3662
-0.22297
-0.1179
-0.22902
-0.1569
-0.25461
-0.30764
-0.21418
-0.4835
-0.20187
-0.099112
-0.19545
-0.42363
-0.21725
-0.37211
-0.25709
-0.29729
-0.21971
-0.21314
0.023286
-0.33747
-0.16504
-0.16156
-0.16929
-0.24234
-0.13901
-0.2761
-0.3248
-0.41384
-0.41505
-0.35301
-0.40578
-0.49744
-0.44944
-0.39615
-0.52821
-0.45483
-0.30436
-0.6103
-0.44661
-0.37618
-0.33963
-0.47791
-0.49802
-0.59323
-1.2234
-1.2232
-1.2154
-1.2169
-1.1631
-1.0309
-1.051
-1.1582
0.54368
-1.1853
0.42085
0.39606
-1.3072
0.3483
0.28159
0.50763
0.10678
-0.033543
-0.033483
-0.13798
-0.61785
-0.6689
-0.80276
-0.82588
-0.84561
-0.78497
-0.75516
-0.90217
-0.86246
-0.81692
-0.42372
-0.47785
-0.42234
-0.57343
-0.52634
-0.41864
-0.47916
-0.32659
-1.2006
-1.1211
-1.3771
-1.1132
-1.0368
-0.98267
-1.1978
-0.55415
-0.54803
-0.70073
-0.90106
-0.58602
-0.45936
-0.099395
-0.59661
0.08294
-0.10687
-0.86257
-0.74315
-0.58926
-0.0072904
-0.13503
-0.035755
-0.080557
-0.11026
-0.04333
-0.17462
-0.0087616
-0.060006
-0.011874
0.032413
0.099351
0.034459
0.035131
-0.034543
-0.11608
-0.0090722
-0.10669
-0.58702
-0.7106
-0.037065
0.07408
0.21037
0.24444
0.18385
0.24787
0.28261
0.28527
0.1424
-0.97796
-1.0192
-1.0412
0.49031
0.39699
0.43814
0.3181
-1.3751
0.19187
-1.2667
-1.3123
-1.1367
-0.79869
-1.0002
-1.0991
-1.3863
-0.89765
-0.74187
-1.1741
-1.2203
-1.1965
-1.4106
-1.4765
-1.3373
-1.4955
-0.61672
-1.4451
-1.5106
-1.0596
-1.1064
-1.0216
-1.1415
-1.16
-1.0867
-1.0776
-1.2712
-1.5939
0.054011
-0.25014
-1.0869
-0.10439
-0.08956
-1.3594
-1.569
-0.27397
-0.029797
-0.021477
-0.083531
-0.026365
-0.69
-0.032511
0.072189
-0.81199
-0.047504
0.015919
-0.025251
-1.5207
-0.0062433
-0.10964
-1.5408
-1.5034
-0.14838
-0.10886
-0.033422
-0.07442
-0.07425
-0.025257
-0.047956
-0.036144
-0.16489
-0.023501
-1.3898
-0.25486
-1.1416
-1.1443
-1.1476
-1.1589
-1.1627
-1.2131
-1.0559
-1.1477
-1.2063
-1.2515
0.49825
0.37631
0.24545
-0.1125
0.09829
0.09362
-0.09196
-0.34562
-0.72039
-0.83066
-0.9421
-0.91966
-1.2069
-0.88258
-0.82895
-0.75595
-0.78105
-0.16659
-0.18241
-0.11408
-0.3848
-1.3579
-1.2146
-0.77162
-0.8293
-1.3671
-0.62903
-0.78883
-0.38175
-0.69467
-0.65609
-0.50165
-0.53259
-0.64836
-0.17563
-0.99752
-1.0032
-0.37904
-1.2284
-0.37935
-0.37925
-1.1579
-1.0907
-1.0599
-1.0936
-1.2216
-1.1179
-1.0425
-1.0842
-1.1218
-1.0601
-1.0586
-1.0089
-1.0229
-1.0183
-0.9276
-1.0563
-1.1965
-0.98496
-0.46435
-0.52263
-0.50519
-0.5344
-1.1552
-1.2698
-1.2457
-1.2245
-1.2258
-1.2672
-0.53231
0.44772
0.42574
0.41549
-0.65344
-0.65169
-0.68921
0.50987
0.46388
-1.2176
-1.2424
-1.2039
-1.2433
-1.2328
-1.2695
-1.2806
-1.2983
-1.2895
-1.3589
-1.4185
-1.4482
0.79226
0.11298
0.05498
0.17994
0.94942
0.23158
1.4815
0.29709
0.01832
0.077745
0.053074
0.054901
0.17414
0.097
1.4261
0.15171
0.10251
0.17205
1.3775
0.052508
1.3228
1.431
0.20298
0.19062
1.4654
0.22056
0.27594
0.36525
1.5141
1.4189
1.614
1.5071
-0.38251
-0.36184
-0.34321
0.91898
0.99587
0.91105
1.0038
0.93193
0.76227
-1.169
-1.1975
-1.1619
-1.166
-1.1439
-1.1678
-1.0046
-1.0664
-1.0231
-0.98769
-0.95144
-1.1263
0.21939
-0.86226
-0.79342
-0.80004
-0.81345
-0.81219
-0.78972
0.8227
0.83237
0.83794
0.82602
0.74948
0.75775
0.71452
-1.2125
-1.148
-1.2021
-1.19
-1.1913
-1.1993
-1.2206
-1.2736
-1.2768
-1.2407
-1.2894
-1.3463
-0.76008
-0.88464
-0.80965
0.95456
1.1803
0.98959
1.2192
1.0867
0.8039
-0.23608
-0.058681
0.24049
0.12629
0.052457
0.21983
0.028632
-0.23446
-0.39485
0.80285
0.8818
0.86482
-0.052805
1.1801
1.0608
-1.5475
-1.5234
-1.4888
-1.4811
-1.4862
-1.426
-1.3476
-1.4294
-1.3137
-1.3762
-1.2855
-1.3261
-1.2935
-1.222
-1.2287
-1.2669
-1.2844
-1.2611
-1.2437
-0.094826
-0.046284
-0.018098
0.040977
-0.080259
-0.075438
-0.078645
-1.2713
-1.2659
-1.285
-1.273
-1.2785
-1.2779
-1.2705
-1.275
-1.3039
-1.3049
-1.3023
0.58871
0.50663
0.45247
0.3976
-1.2102
-1.2335
-1.1159
-1.1576
-1.1622
-1.1886
-1.2309
-1.2663
-1.3098
-1.2383
-1.3227
-1.349
-1.4563
-1.4299
-1.4781
-1.4953
-0.96654
-1.0005
-1.0566
-1.3328
-0.47636
-0.40586
-1.8139
-1.7575
-1.7849
-1.6677
-1.5925
-1.3072
-1.352
-1.5861
-1.5351
-1.6835
-1.6129
-1.5569
-0.8169
-0.70867
-0.80146
-0.82234
-1.5274
-0.79832
-1.5846
-1.5132
-0.87978
-1.4377
-1.3263
-1.0133
-1.2833
-1.2228
-1.1354
-1.1712
-1.0618
-1.1918
-1.2409
-1.2166
-0.96435
-1.0334
-1.0733
-0.96277
-0.94887
-0.9481
-0.96764
-0.95911
-0.89873
-0.94259
-0.90258
-0.91604
-0.92599
-0.92537
-0.94257
-0.96347
-0.92367
-0.24995
-0.30254
-0.33062
-0.37592
-1.1269
0.4985
0.53575
0.51234
0.52417
0.52238
0.5505
0.19205
-1.2609
-1.1373
-1.1987
-1.21
-1.2587
-1.26
-1.3068
-1.3219
-1.3499
-1.4712
-1.5206
-1.5036
-1.5815
-1.1094
-1.0813
-1.3709
-1.3
-0.97872
-0.91058
-0.76477
-1.5236
-1.5367
-1.4672
-1.3735
-1.3387
-1.2374
-1.1517
-1.5283
-1.5254
-1.5541
-1.4146
-1.4938
-1.4388
-0.80031
-0.80081
-0.79463
-1.4571
-1.5469
-1.4697
-1.4693
-1.4656
-1.4187
-1.3658
-1.3919
-1.3785
-1.3804
-1.3682
-1.3727
-1.3693
-1.3512
-1.2175
-1.175
-1.3301
-1.2948
-1.2591
-0.19211
-0.20379
-0.28489
-0.10331
-0.10929
-0.016245
0.051604
-0.0056702
0.045927
0.042222
-0.09312
-0.088024
-0.062575
-0.037523
-0.071719
-0.099835
0.084052
0.44501
0.5708
0.54361
0.63255
-1.0275
-1.1856
-1.2306
-1.235
-1.3199
-1.345
-1.4036
-1.5031
-1.5758
-1.6297
-1.3884
-1.4166
-1.2371
-1.6587
-0.4023
-1.8305
-1.7319
-1.8198
-1.7859
-1.5845
-1.6679
-1.4689
-1.4253
-1.4952
-1.4194
-1.5889
-1.6225
-1.545
-1.5619
-1.7007
-1.563
-1.7335
-1.845
-1.8359
-1.7343
-1.5624
-1.3055
-0.64743
-0.69447
-0.66918
-0.6738
-1.575
-1.4058
-1.3412
-1.3528
-1.3539
-1.2314
-1.2251
-1.2373
-1.1893
-1.016
-0.73356
-0.80823
-0.82815
-0.84666
-0.83363
-0.86506
-0.92755
-0.90447
-0.94465
-0.8973
-0.88668
-1.2295
-1.2164
-1.2272
-1.2328
-1.2587
-1.2604
-1.1993
-1.2016
-1.1977
-1.1752
-1.1609
-1.1761
-1.1149
-1.1447
0.11367
-1.1865
-1.174
-1.164
-1.2259
-1.2285
-1.2726
-1.3381
-1.3701
-1.378
-1.4599
-1.5073
-1.4914
-1.5535
-1.3883
-1.5104
-1.5309
-1.0628
-1.5304
-0.9444
-1.3785
-0.64014
-0.58327
-0.67807
-1.0643
-0.95952
-0.90382
0.53287
0.4583
-0.72392
0.32112
-0.54486
-0.63095
-1.4354
-1.4148
-0.73166
-0.83275
-0.81921
-0.86552
-1.4469
-0.92376
-1.3946
-1.4108
-1.4584
-1.3879
-1.4524
-1.361
-1.3716
-1.3607
-1.3691
-1.3944
-1.3203
-1.3519
-1.3555
-1.3545
-1.3865
-1.3818
-1.3578
-1.3661
-1.3342
-1.3325
-1.2968
-1.2181
-0.12083
-0.06534
-0.05128
-0.054618
-0.022267
0.064104
-0.0034313
-0.019785
-0.031897
-0.0044993
0.0036554
-0.015695
0.0021172
0.05897
0.069205
0.060183
-0.012457
0.061079
-0.94459
-0.92413
0.27251
0.42005
-0.99986
-1.2253
-1.2551
-1.243
-1.2797
-1.2515
-1.2721
-1.305
-1.3135
-1.352
-1.4612
-1.4647
-1.4585
-1.1425
-1.1775
-1.0974
-1.4231
-1.0045
-1.4446
-1.2769
-1.5371
-1.7772
-1.6693
-1.5336
-1.5581
-1.2826
-1.5591
-1.5383
-1.551
-1.7281
-1.742
-1.7722
-1.6749
-0.48135
-1.4939
-1.2761
-1.1321
-1.221
-1.3411
-1.2789
-1.2225
-1.4064
-1.5336
-1.5147
-1.4361
-1.4235
-1.4316
-1.4364
-1.3997
-1.4012
-1.3944
-1.3513
-1.3014
-1.2973
-1.2929
-1.2742
-1.2628
-1.2192
-1.2422
-1.1742
0.087398
0.12107
0.1503
0.20105
0.14549
0.17034
0.18061
0.17041
0.18824
0.19199
0.16996
0.11423
0.10417
0.10352
0.0784
-6.2455e-05
-0.872
-0.8614
0.4944
0.45355
-1.2066
-1.2862
-1.2781
-1.2873
-1.2583
-1.3366
-1.3493
-1.3515
-1.3773
-1.3771
-1.393
-1.3619
-1.3937
-1.3563
-1.3701
-1.3158
-1.0749
-1.4628
-1.555
-1.5402
-0.12318
-1.6901
-1.7605
-1.7769
-1.7774
-1.763
-1.7765
-1.8007
-1.8122
-1.869
-1.8336
-1.8523
-1.838
-0.48797
-1.6514
-0.6983
-0.68313
-0.74988
-0.7298
-1.4287
-1.5055
-1.5185
-1.4361
-1.335
-1.3192
-1.2469
-1.3004
-1.2632
-1.2417
-1.2382
-1.0336
-0.77572
-0.36447
-0.42351
-1.2074
-0.91779
-0.77445
-0.88038
-0.90405
-0.94245
-0.90354
-0.87602
-0.0345
0.037189
0.21163
0.25538
0.26473
0.24122
0.019658
-0.032367
0.017444
0.061424
0.20854
0.22369
0.15766
0.1457
-0.97906
-1.0046
-1.0616
-1.1336
-1.1689
-1.2942
-1.2609
-1.303
-1.2959
-1.2771
-1.2915
-1.3076
-1.3184
-1.3177
-1.3299
-1.3968
-1.3661
-1.443
-0.99717
-1.3535
-0.88065
-0.94932
-0.98834
-1.0369
-1.33
-0.93886
-1.3623
-1.3702
-1.2778
-1.3511
-1.3535
-0.71087
-0.064823
-0.58244
-0.44425
-0.40455
-0.34463
0.60161
-0.38631
0.36913
0.33454
-0.57047
-0.76621
-0.83252
-1.1955
-1.2146
-1.1418
-1.198
-1.2748
-1.25
-1.2603
-1.3079
-0.85372
-0.86379
-0.97592
-1.4476
-1.4409
-1.3019
-1.1131
-1.2358
-1.307
-1.2799
-1.2932
-1.3371
-1.2892
-1.3286
-1.3824
-1.382
-1.3118
-1.3634
-1.3421
-1.3484
-1.3177
-1.2126
-1.1584
-1.081
-1.0571
-1.0997
-1.0878
-1.1946
-0.80464
-0.82675
-0.82706
-0.86047
-0.94293
-1.0213
-1.067
-1.1491
-1.3078
-1.3147
-1.3278
-1.3477
-1.3186
-1.3242
-1.2922
-1.3361
-1.3791
-1.4333
-1.4967
-1.4487
-1.3434
-0.87509
-0.93635
-1.2098
-1.2424
-1.1304
-1.3335
-1.3329
-1.044
-0.97866
-1.0768
-1.1209
-1.2393
-1.2774
-0.52974
-0.010991
-0.19489
-1.1586
-1.0741
-1.1365
-1.2239
-1.276
-0.85399
-1.3643
-1.4097
-1.3799
-1.3912
-1.306
-1.3506
-1.3259
-1.2805
-1.331
-1.3476
-1.3352
-1.3196
-1.3049
-1.095
-1.1358
-1.0858
-1.1132
-1.1626
-1.1344
-1.137
-1.2047
-1.1883
-1.1972
-1.2357
-1.2276
-1.1943
-1.1977
-1.2052
-1.1929
-1.232
-1.1725
-1.1773
-1.136
-1.1198
-1.1148
-1.0954
-1.1083
-1.169
-1.3192
-1.3161
-1.2675
-1.0432
-0.77931
-0.42807
-0.25152
-0.52104
-1.1169
-1.4629
-1.6045
-1.5546
-1.5214
-1.5146
-1.4339
-1.3611
-1.5273
-1.5479
-1.4568
-1.4712
-1.5215
-1.5853
-1.6074
-1.6035
-1.5545
-1.5902
-1.5673
-1.3885
-1.2395
-1.4551
-1.4987
-1.6014
-1.5432
-1.4367
-1.466
-1.3916
-1.551
-1.6028
-1.5802
-1.6069
-1.5369
-1.5221
-1.5524
-1.0494
-0.96858
-0.54348
-0.13296
-0.39554
-0.63047
-1.0998
-1.225
-1.0405
-1.0086
0.74871
0.6888
0.7407
-0.99175
-0.98308
-0.97562
-0.94963
-0.99147
-0.94835
-0.97673
-0.92339
-0.86953
-0.8378
-0.90628
-0.92889
-0.90491
-0.89909
-0.90942
-0.9054
-0.90117
-0.88919
-0.9042
-0.93181
-0.9583
-0.96662
-0.93798
0.28896
-0.95788
-0.96311
0.74979
0.60653
0.54749
-1.3141
-1.2076
-0.95991
-0.66808
-0.23899
-0.45119
-1.1832
-1.5677
-1.6344
-1.6447
-1.5942
-1.6144
-1.5852
-1.5017
-1.5994
-1.4588
-1.3787
-1.4462
-1.4739
-1.6057
-1.5467
-1.5874
-1.4886
-1.55
-1.5283
-1.3627
-1.558
-1.4098
-1.5817
-1.4015
-1.4211
-1.4788
-1.452
-1.4995
-1.2508
-1.5484
-1.5733
-1.4518
-1.5971
-1.4174
-1.4288
-1.6541
-1.5554
-1.2464
-1.1198
-0.72459
-0.16802
-0.63648
0.44567
-0.33895
-0.64234
-1.0452
-1.1696
-1.2506
-1.2635
-1.284
-0.94028
-0.87911
-0.84706
0.17433
0.65058
0.69312
0.76719
0.87089
0.92424
0.79629
0.76904
0.75897
0.7313
0.38046
0.3574
-0.83835
-0.80132
-0.86248
-0.99911
-1.0118
-1.0682
-1.1224
-1.2777
1.1331
-1.2314
-1.0645
-0.9062
-0.58425
-0.2401
-0.36848
-0.95644
-1.3248
-1.5612
-1.5648
-1.5707
-1.6114
-1.5396
-1.564
-1.4246
-1.5153
-1.5557
-1.4764
-1.5948
-1.4697
-1.6041
-1.5816
-1.4793
-1.4853
-1.5737
-1.4064
-1.5694
-0.13419
-1.5523
-1.479
-1.4317
-1.5551
-1.4624
-1.5181
-1.5002
-1.451
-1.4318
-1.3907
-1.4766
-1.4966
-1.4545
-1.5078
-1.5603
-1.5058
-1.5715
-1.5363
-1.5037
-1.5538
-1.5118
-1.4904
-1.6164
-1.5265
-1.4606
-1.4284
-1.4175
-1.5726
-1.3153
-1.5328
-1.5745
-1.4327
-1.5842
-1.3979
-1.4654
-1.5315
-1.5269
-1.5086
-1.5543
-1.5201
-1.4149
-1.5078
-1.3955
-1.5517
-1.4686
-1.4435
-1.027
-1.0288
-1.0848
-1.1335
-1.1765
-1.2754
-1.3213
-1.3152
-1.181
-1.1593
-0.59076
-0.43135
-0.43275
-1.0067
-1.4266
-1.5751
-1.6132
-1.6083
-1.572
-1.566
-1.5634
-1.517
-1.5705
-1.561
-1.5943
-1.5352
-1.618
-1.5915
-1.5333
-1.614
-1.4373
-1.5119
-1.5784
-1.4853
-1.6105
-1.5433
-1.5099
-1.4237
-1.4442
-1.4165
-1.4583
-1.4709
-1.4322
-1.5546
-1.5576
-1.5724
-1.5723
-1.4193
-1.5131
-1.5133
-1.6414
-1.5407
-1.5692
-1.5443
-1.4462
-1.4326
-1.5336
-1.2381
-1.4051
-1.5796
-1.4046
-0.82089
-0.77383
-0.53742
-0.46018
-0.53841
-0.42028
-0.007681
0.13582
0.16393
0.10727
0.40623
0.29996
0.023135
-0.13778
-0.42014
-0.54001
-0.54703
-0.62868
-0.6911
-1.0132
-1.0989
-1.1753
-1.3064
-1.2567
-1.1765
-0.94395
-0.82105
-0.38007
-0.1927
-0.3896
-1.1648
-1.4914
-1.5955
-1.5865
-1.5479
-1.4462
-1.4821
-1.2851
-1.6071
-1.572
-1.5656
-1.5906
-1.6301
-1.6124
-1.5761
-1.5516
-1.4593
-1.4239
-1.5456
-1.4922
-1.4969
-1.5978
-1.5274
-1.5161
-1.6252
-1.6204
-1.5873
-1.4468
-1.4704
-1.5709
-1.5451
-1.5334
-1.5451
-1.5335
-1.4427
-1.5472
-1.4864
-1.5058
-1.4403
-1.5141
-1.4723
-1.517
-1.4711
-1.5467
-1.5898
-1.5783
-1.4531
-1.575
-1.5287
-1.5158
-1.5337
-1.5615
-1.0538
-1.2604
-1.2659
-1.2011
-1.0858
-0.34141
-0.017981
0.19583
0.63835
0.30453
-0.052908
0.18972
0.30597
-0.77466
-0.93149
-1.0593
-1.0816
-0.96091
-1.023
-1.1008
-1.249
-1.3151
-1.2942
-1.138
-0.85254
-0.61323
-0.32155
-0.63597
-1.13
-1.4299
-1.5881
-1.574
-1.5532
-1.4648
-1.5873
-1.5234
-1.4306
-1.4634
-1.5864
-1.574
-1.4591
-1.4407
-1.5961
-1.5953
-1.5872
-1.602
-1.443
-1.5136
-1.4296
-1.4659
-1.4833
-1.5648
-1.5773
-1.5178
-1.5122
-1.5574
-1.596
-1.2604
-1.6005
-1.5535
-1.4601
-1.5284
-1.3365
-1.41
-1.4806
-1.4602
-1.3596
-1.5309
-1.4711
-1.5865
-1.5075
-1.5762
-1.3802
-1.5955
-1.5836
-1.5313
-1.5925
-1.4462
-1.5429
-0.90246
-0.6455
-0.39712
-0.067048
-0.23276
-0.059739
-0.49439
-0.89666
-0.41433
0.11597
0.29233
0.1745
0.58423
0.6258
0.67994
0.65445
0.34098
0.27244
-0.99457
-1.0151
-1.027
-1.1162
-1.2068
-1.2011
-1.3011
-1.3262
-1.1832
-0.89418
-0.41069
-0.34371
-0.73967
-1.2309
-1.5662
-1.5845
-1.6147
-1.6225
-1.6077
-1.5936
-1.5943
-1.5786
-1.5915
-1.4675
-1.5225
-1.4818
-1.6395
-1.6116
-1.6167
-1.5071
-1.5871
-1.5838
-1.612
-1.5979
-1.6036
-1.5051
-1.4599
-1.5683
-1.5634
-1.4828
-1.6004
-1.596
-1.6085
-1.6087
-1.554
-1.4541
-1.5837
-1.6279
-1.5197
-1.5953
-1.3559
-1.4565
-1.5242
-1.4989
-1.4964
-1.5599
-1.5848
-1.5502
-1.6125
-1.5294
-1.6154
-1.5545
-1.5773
-1.5415
-1.5917
-1.3879
-1.5432
-1.4621
-0.76233
-0.53456
-0.14058
-0.087324
0.29055
0.59976
0.53571
0.43289
0.52615
0.31087
0.28476
0.3463
-1.1193
-1.1456
-1.1827
-1.1369
-1.1074
-1.204
-1.3
-1.3392
-1.3246
-1.1355
-1.1401
-0.55892
-0.26644
-0.71282
-1.2675
-1.5995
-1.6055
-1.6118
-1.5535
-1.5922
-1.5317
-1.5324
-1.5078
-1.6008
-1.5837
-1.6405
-1.6388
-1.6467
-1.6262
-1.6281
-1.6329
-1.5124
-1.6038
-1.4178
-1.5535
-1.5148
-1.5329
-1.5841
-1.5624
-1.5801
-1.6036
-1.5775
-1.6209
-1.5065
-1.4905
-1.5587
-1.5555
-1.4318
-1.5702
-1.5796
-1.5627
-1.5877
-1.5402
-1.4911
-1.4853
-1.4641
-1.4863
-1.5083
-1.4974
-1.582
-1.2906
-1.5981
-1.5297
-0.96842
-0.76235
-0.51032
-0.44629
-0.23406
-0.14615
-0.62929
-1.0063
-1.1981
-1.2841
-1.2121
-1.2332
-1.2185
-1.0816
-1.146
-1.1475
-1.1314
-1.1111
-1.1026
-1.1248
-1.14
-1.2417
-1.2696
-1.2802
-1.3103
-1.3381
-1.2036
-0.83009
-0.56196
-0.13852
-0.7269
-1.1668
-1.5316
-1.5757
-1.5925
-1.6024
-1.6138
-1.6023
-1.5291
-1.5091
-1.4256
-1.6179
-1.5414
-1.5327
-1.4971
-1.4817
-1.4819
-1.5379
-1.3233
-1.5693
-1.5694
-1.5813
-1.5767
-1.5028
-1.4552
-1.4905
-1.4989
-1.602
-1.5448
-1.4595
-1.5575
-1.5891
-1.6018
-1.6079
-1.6002
-1.5906
-1.5944
-1.4653
-1.5273
-1.529
-1.5365
-1.6452
-1.4947
-1.4566
-1.4552
-1.6166
-1.4591
-1.4558
-1.5698
-1.5944
-0.89181
-1.227
-0.69861
-0.59641
-0.12496
-0.2292
-0.46398
-0.95172
-1.0776
-1.2561
-1.2469
-1.2733
-1.1757
-1.1657
-1.1718
-1.1457
-1.1187
-1.0651
-1.1041
-1.0874
-1.1307
-1.1775
-1.1274
-1.2841
-1.328
-1.2813
-1.0222
-0.82008
-0.69994
-0.82174
-1.3963
-1.6227
-1.5871
-1.567
-1.5739
-1.4832
-1.5705
-1.5659
-1.4853
-1.5065
-1.4615
-1.4454
-1.4506
-1.4367
-1.4886
-1.4541
-1.5897
-1.5666
-1.5523
-1.5586
-1.559
-1.4464
-1.4577
-1.471
-1.4576
-1.4426
-1.4458
-1.4356
-1.4613
-1.5017
-1.4305
-1.5284
-1.5673
-1.5688
-1.5363
-1.5476
-1.5085
-1.4616
-1.4433
-1.4053
-1.4101
-1.4073
-1.4217
-1.4557
-1.446
-1.4717
-1.5447
-1.5777
-1.5851
-1.5836
-1.5096
-1.3924
-0.79942
-0.50435
-0.15026
-0.1867
-0.020167
-0.31509
-0.54791
-0.20237
-0.43381
-0.51158
-0.67031
-0.65796
-0.73942
-0.76419
-0.83533
-0.73164
-0.70523
-0.7132
-0.68831
-0.71692
-0.69232
-0.70003
-0.67122
-0.9806
-1.169
-1.1255
-1.1841
-1.2149
-1.2014
-1.1722
-1.0858
-1.1237
-0.68349
-0.64862
-0.74458
-0.74635
-0.70264
-0.65892
-0.60099
-0.54404
-0.49135
-0.49541
-0.50508
-0.44727
-0.98773
-1.0695
-1.2157
-1.2594
-1.2911
-1.0708
-1.24
-0.34619
-0.15382
-0.087687
-0.41393
0.21906
-0.94864
-1.0321
-1.0536
-0.96432
-0.90976
-0.9744
-0.96417
-0.94641
-0.89603
-0.93781
-0.96709
-0.98333
-0.96042
-0.98586
-1.0146
-1.067
-1.0764
-1.0224
-1.1471
-1.1677
-1.1517
-1.1645
-1.1684
-1.1094
-0.93024
-0.91951
-0.83392
-1.0947
-1.0269
-1.0156
-0.96755
-1.0172
-1.0012
-0.97584
-0.9797
-1.1231
-1.1057
-1.1265
-1.1142
-0.96324
-0.96531
-0.95597
-1.0809
-1.018
-1.0921
-1.101
-1.1438
-1.1202
-0.63916
-0.7263
-0.7793
-0.66788
-0.81932
-0.90129
-0.89051
-0.93393
-0.93097
-0.93467
-0.92928
-0.88764
-0.7962
-0.85615
-0.90354
-1.013
-0.90541
-0.72416
-0.65037
-0.65438
-0.61605
-0.65517
-0.6898
-0.96478
-0.99076
-1.1045
-1.1454
-1.1788
-1.2476
-1.2348
-1.1837
-1.2352
-1.2246
-1.2002
-1.2123
-1.2571
-1.2343
-1.268
-1.2425
-1.2361
-1.2458
-1.234
-1.1971
-1.1921
-0.81042
-0.84009
-0.89776
-0.83483
-1.1478
-1.1361
-1.1882
-1.169
-1.1847
-1.1958
-1.1793
-1.1953
-1.1618
-1.1707
-1.1665
-1.2039
-1.1533
-1.1564
-1.1715
-1.1812
-1.1727
-1.1838
-1.2004
-1.2153
-1.2183
-1.1685
-1.148
-1.3608
-1.2696
-1.1359
-1.0308
-0.90383
-0.64302
-0.66852
-0.73351
-0.73569
-0.71909
-0.73979
-0.72684
-0.77566
-0.73056
-0.7458
-0.65504
-0.7213
-0.71068
-0.6147
-0.6297
-0.63143
-0.68828
-0.82359
-0.73298
-0.729
-0.84643
-0.78173
-0.76021
-0.83233
-0.82113
-0.72041
-0.78292
-0.85205
-0.83485
-0.80845
-0.79041
-0.79731
-0.68205
-0.68298
-0.6863
-0.57686
-0.7833
-0.85613
-0.9203
-0.97936
-1.0818
-1.2353
-1.2608
-0.76604
-0.81537
-0.92141
-0.92525
-0.8092
-0.63053
-0.56795
-0.92785
-1.0653
-1.2299
-1.1745
-1.1978
-1.3779
-1.3656
-1.3284
-1.2092
-1.154
-1.1598
-1.2436
-1.2098
-1.1514
-1.3207
-1.3055
-1.1696
-1.2054
-1.1513
-1.1026
-1.1328
-1.2028
-1.2694
-1.2126
-1.2457
-1.3475
-1.2327
-1.1413
-0.93458
-0.84088
-0.81402
-0.8254
-0.80621
-0.81633
-0.83031
-0.81115
-0.85063
-0.73785
-0.7506
-0.66249
-0.83983
-0.78114
-0.8379
-0.76482
-0.79461
-0.75607
-0.81243
-1.0918
-1.0006
-0.44318
-0.42162
-0.84105
-1.0444
-1.2629
-1.3502
-0.98512
-0.61226
-0.38587
-0.092221
-0.46326
-0.30944
0.55933
0.50803
-0.74706
-0.78185
-0.82202
-1.3469
-1.2464
-1.2788
-1.2525
-1.2373
-1.2234
-1.1971
-1.191
-1.1761
-1.2157
-1.2013
-1.2019
-1.1996
-0.82273
-0.80571
-0.78972
-1.2026
-1.2283
-1.2093
-1.1977
-1.1743
0.49929
-1.0178
-1.0346
-1.0813
-1.1513
-1.1074
-1.0742
-1.1323
-1.169
-1.2079
-1.2018
-1.1934
-1.1437
-1.1146
-1.148
-1.1615
-1.1945
-1.1622
-1.1129
-1.1411
-1.1486
-1.1102
-1.0066
-1.0435
-0.98831
-0.86956
-0.83654
-0.97604
-1.0686
-1.0251
-1.0718
-0.65194
-1.0667
-0.89136
-0.89161
-0.77317
-0.80139
-0.7836
-0.78555
-0.72481
-0.64334
-0.62785
-0.57863
-0.56393
-0.57965
-0.64255
-0.79063
-0.87268
-0.46058
-0.4696
-0.54884
-0.51667
-0.54229
-0.4253
-0.48203
-0.70482
-0.77073
-1.0351
-1.0552
-1.1048
-1.1403
-1.1454
-1.17
-1.133
-1.1136
-1.1975
-1.169
-1.2012
-1.1521
-1.1507
-1.1466
-1.1104
-1.098
-1.1177
-1.1349
-1.1271
-1.1115
-1.1291
-1.1136
-1.14
-1.151
-1.137
-1.0521
-1.0485
-1.046
-1.0329
-1.0515
-1.0533
-1.0473
-1.0179
-1.0464
-1.022
-0.97907
-0.98666
-1.0013
-0.98594
-1.0054
-1.0055
-0.9945
-1.0861
-1.0655
-1.0395
-1.094
-1.0972
-1.1564
-1.2722
-1.2624
-1.1238
-1.0362
-0.77273
-0.76532
-0.70704
-0.66983
-0.68115
-0.65727
-0.58733
-0.56368
-0.75937
-0.85503
-0.76065
-0.79339
-0.83257
-0.8691
-0.90739
-0.87475
-0.84293
-0.85842
-1.0681
-0.83481
-0.96085
-0.93111
-0.55868
-0.45289
-1.0792
-1.2752
-1.3195
-1.2865
-1.2996
-1.2641
-1.2275
-1.1331
-1.1325
-1.1793
-1.2407
-1.2361
-1.13
-1.1509
-1.1036
-1.0811
-1.0883
-1.1177
-1.1718
-1.0887
-1.1352
-1.1476
-1.1438
-1.2092
-1.1117
-1.1288
-1.1703
-1.2032
-1.2105
-1.24
-1.2302
-1.2353
-1.191
-1.1441
-1.1699
-1.1586
-1.1319
-1.1096
-1.0578
-1.1226
-1.0476
-1.1099
-1.1193
-1.1302
-1.1266
-1.0718
-1.1064
-1.1141
-1.1289
-1.2005
-1.0662
-1.1401
-1.2104
-1.2996
-1.1482
-0.97196
-0.66844
-0.76521
-0.71164
-0.74083
-0.7372
-0.70129
-0.74377
-0.71701
-0.73499
-0.73859
-0.74171
-0.675
-1.0887
-1.1135
-1.1525
-1.1326
-1.1525
-0.93328
-1.1383
-1.0936
-1.0675
-1.2416
-1.2517
-1.3038
-1.3245
-1.3324
-1.3296
-1.3153
-1.1614
-1.1127
-1.2633
-1.3065
-1.2745
-1.2941
-1.1876
-1.2907
-1.2926
-1.2957
-1.2044
-1.2898
-1.3282
-1.2776
-1.2611
-1.2976
-1.2631
-1.252
-1.2115
-1.1961
-1.2743
-1.3087
-1.2781
-1.2821
-1.2827
-1.2694
-1.2363
-1.2515
-1.2378
-1.265
-1.2636
-1.2691
-1.2417
-1.1734
-1.2297
-1.273
-1.2178
-1.1351
-1.1426
-1.1633
-1.1458
-1.2312
-1.0145
-0.94164
-0.86604
-0.85893
-0.82941
-0.84016
-0.81635
-0.83372
-0.83143
-0.77638
-0.6612
-0.7197
-0.7737
-0.83415
-0.70393
-0.80482
-0.86935
-0.92947
-1.0109
-0.92756
-0.97544
-1.0068
-1.1651
-1.1189
-1.0706
-1.0127
-0.75434
-0.58152
-0.12412
0.66137
1.0634
1.3277
1.2429
0.31656
-0.99977
-1.3788
-1.3838
-1.3032
-1.2343
-1.2579
-1.1734
-1.1369
-1.1006
-1.1122
-0.8564
-0.88584
-0.97044
-0.94907
-1.0266
-1.073
-1.0955
-1.0964
-1.0776
-1.0592
-1.0279
-1.006
-1.0848
-1.0119
-1.16
-0.9983
0.74677
0.77044
-0.98079
-1.1143
-0.99391
-1.1223
-0.95504
-1.1817
-1.1959
-1.166
-1.1552
-1.1623
-1.179
-1.1701
-1.1781
-1.174
-1.1755
-1.1633
-1.1609
-1.1012
-1.1579
-1.1305
-1.128
-1.2563
-1.3143
-1.3082
-1.3923
-1.1692
-0.65484
-0.9262
-0.88204
-0.85016
-0.84045
-0.82713
-0.70992
-0.722
-0.69078
-0.66807
-0.7221
-0.72755
-0.6307
-0.60727
-0.6284
-0.61883
-0.7809
-0.84037
-0.8519
-0.7654
-0.49189
-0.37915
-0.4979
-0.50421
-0.42998
-0.83945
-0.65787
-0.56737
-0.82419
-1.659
1.6636
-0.19409
-0.20644
-1.8956
-0.9383
-0.34321
0.39198
0.71327
1.0483
1.1281
0.86099
0.38349
0.54888
-0.18645
0.64833
0.042717
-0.01997
-0.87225
0.73542
-1.2186
-1.2673
-1.3393
-1.2524
-1.0401
-1.0129
-1.0516
-1.1211
-1.0922
-1.0171
-1.0484
-1.083
-0.94703
-1.0545
-0.89057
-0.85557
-0.90831
-0.95848
-0.96272
-1.0229
-0.99146
-0.97895
-0.97355
-0.95833
-0.95809
-0.9337
-0.9848
-1.0547
-1.0176
-1.1798
-1.0776
-0.93037
-0.68092
-0.91941
-0.85516
-0.71114
-0.74946
-0.7185
-0.69517
-1.3006
-0.63185
-0.52216
-0.50985
-0.48806
-0.54114
-0.72765
-0.81456
-1.576
-0.86848
-0.63114
-0.68898
-0.8296
-1.099
-1.0518
-1.1637
-1.178
-0.87342
-0.78855
-0.6848
-0.77659
-0.99749
-0.98019
-0.97442
-1.0259
-1.0576
-1.0599
-1.0582
-1.0308
-1.0494
-1.0357
-0.9801
-0.9092
-0.65315
-0.6015
-0.89377
-1.0877
-1.0821
-1.1293
-1.1127
-1.1523
-1.1559
-1.0897
-1.1146
-1.0638
-1.0891
-1.0145
-1.004
-0.80002
-0.80869
-0.88776
-1.0646
-1.0437
-1.0763
-1.0527
-1.1016
-0.82927
-0.88949
-0.95296
-1.0047
-0.98736
-0.95664
-1.0079
-1.1205
-1.1312
-1.0838
-1.0686
-1.0467
-1.0915
-1.033
-1.1157
-1.0679
-1.0432
-1.003
-0.71405
-0.27216
-0.17272
-0.25751
-0.36156
-0.17525
-0.11569
-0.37104
-0.46552
-0.36404
-0.73424
-0.40286
0.020238
-0.24618
-0.24216
-0.53703
-0.52159
-0.53068
-0.47271
-0.30249
-0.25375
-0.16024
-0.081278
-0.13743
-0.11097
-0.17001
-0.21058
-0.15493
-0.30139
-0.36935
-0.011928
-0.32999
-0.20596
-0.5102
-0.44822
-0.46304
-0.28661
-0.28939
-0.24363
-0.16607
-0.25019
-0.34953
-0.29021
0.99573
-0.93588
-0.94556
-0.6772
-0.75319
-0.81197
-0.78658
-0.74157
-1.0589
-1.0959
-0.86794
-0.94307
-1.0364
-1.0766
-0.9624
-0.89119
-0.90478
-0.88308
-0.84846
-0.72437
-0.78835
-0.88587
-0.71981
-0.83843
-0.83075
-0.87539
0.36735
0.28242
0.22529
0.19317
0.037582
-0.4858
-0.46816
-0.56672
-0.28381
-0.34931
-0.26319
-0.97285
-0.8873
-0.40402
-0.27779
0.036591
-0.0189
-0.047462
-0.073724
-0.19446
-0.33427
-0.43457
-0.37739
-0.42248
-0.32029
-0.41521
-0.23463
-0.017638
-0.038247
-0.061081
-0.29958
-0.098246
-0.062517
-0.095179
0.014654
-0.036654
-0.14166
-0.078545
-0.16026
-0.2673
-0.10864
0.0093576
-0.44296
1.4149
1.1313
1.011
0.61109
1.304
-0.97123
-0.89207
-0.17327
-0.42414
-0.40817
-0.44794
-0.46172
-0.57589
-1.2036
-1.1503
-1.1519
-0.46534
-0.38904
-1.2389
-1.299
-1.2749
-1.2815
-1.2864
-1.2865
-1.3006
-1.2627
-1.2159
-1.1826
-1.1673
-1.2127
-1.213
-1.2246
-1.2702
-1.2167
0.26488
0.25278
0.31353
0.45488
-1.1154
-1.2188
-1.011
-0.96987
-0.7151
-0.41914
-0.19838
-0.24711
-0.25061
-0.20958
-0.045592
-0.18625
-0.62448
-0.1005
-0.11025
-0.44508
-0.55527
-0.19578
-0.2673
-0.67659
-0.29786
-0.35549
-0.34166
-0.64461
-0.4119
-0.65701
-0.99909
-0.32104
-0.39512
-0.38486
-0.32596
-0.23604
-0.38756
-0.42215
-0.47378
-0.55331
-0.34436
-0.39398
-0.53706
-0.44693
-0.58645
-0.55319
-0.94827
-1.1376
-0.94618
-0.90786
-1.0325
-0.95905
-0.94757
-0.99391
-0.98476
-1.0874
-1.1046
-1.1413
-1.1684
-1.1717
-1.1697
-1.1685
-1.0814
-1.0201
-1.0096
-1.0182
-1.3092
-0.91032
-1.2949
-0.87809
-1.2966
-1.2735
-1.2679
-1.2446
-1.2554
-1.2605
-1.2648
-1.2755
-1.2703
-1.0334
0.33974
0.29248
0.11478
0.31338
-1.1173
-1.0718
-0.95391
-1.1071
-1.1082
-1.1087
-1.2462
-0.50476
-0.26155
-0.18868
-0.54379
-0.91647
-0.77221
-0.18054
-0.023778
-0.08823
-0.39947
-0.4215
-0.35203
-0.16459
-0.16818
-0.050419
-0.15534
-0.15631
-0.1149
-0.028742
-0.13278
-0.2986
-0.3815
-0.24848
-0.20472
-0.074966
0.0093995
-0.12486
0.030191
-0.31527
-0.37526
-0.49334
-0.46085
-0.43157
-0.54192
-0.66204
-0.91836
-0.89354
-0.88686
-1.0009
-1.1097
-1.1281
-1.1905
-1.1814
-1.1313
-1.1455
-1.1499
-1.1202
-1.1606
-0.41436
-0.55527
-0.95244
-0.79638
-1.263
-1.2554
-1.2529
-1.2447
-0.8941
-0.88503
-0.8543
-0.83708
-1.2759
-0.85923
-1.3074
-0.82072
-1.2689
-1.2936
-1.3015
-1.305
-1.322
0.19852
0.1965
0.3396
-0.062671
-1.2002
-1.1859
-1.2523
-0.28326
-0.29405
-0.29452
-0.31771
-0.20523
-0.35226
-0.26696
-0.10893
-0.38926
-0.60386
-0.21324
-0.32655
-0.15108
-0.7108
-0.67597
-0.59364
-0.40922
-0.45213
-0.42445
-0.54211
-0.31274
-0.34072
-0.37258
-0.09933
-0.31672
-0.29831
-0.16496
-0.01943
0.035756
2.206
2.0536
2.1321
2.1559
2.2328
1.735
-0.57859
-0.59776
-0.44204
-1.0662
-1.0879
-1.0262
-1.0202
-1.1134
-1.0946
-1.1437
-1.2169
-1.2406
-1.2299
-1.2405
-1.1645
-1.1246
-1.0105
-1.0922
-1.0233
-1.0858
-1.0929
-0.99878
-1.1238
-1.0093
-1.0286
-1.0427
-1.0204
-0.61677
-0.82957
-0.60768
-0.70354
-0.68345
-1.0291
-1.0044
-1.1038
-1.278
-1.0291
-0.094327
-0.093419
-0.063485
-0.13648
-0.214
-1.2236
-1.251
-0.75437
-0.886
-0.31694
-0.40233
-0.44871
-0.52861
-0.82071
0.03996
-0.14032
-0.25958
-0.063093
-0.10771
-0.0028921
-0.30275
-0.37946
-0.38975
-0.30263
-0.29527
-0.25584
-0.11521
-0.13146
-0.23939
-0.26353
-0.056136
-0.23202
0.071432
-0.1921
-0.12015
-0.15254
0.036255
0.16094
-0.15802
0.14649
-0.22012
-0.42229
-0.27588
-0.16594
-0.67928
-0.63822
-0.56895
-0.59125
-0.62554
-0.67112
-0.72301
-0.51939
-1.0353
-1.0597
-1.1198
-1.1993
-1.3113
-1.2567
-1.2634
-1.2619
-1.2608
-1.2877
-1.2836
-1.3037
-1.2212
-1.2919
-1.2836
-1.2717
-1.2408
-1.2513
-1.2127
-1.2224
-1.256
-1.2761
-1.2062
-1.1821
-1.2011
-1.1864
-1.1579
-1.198
-1.1422
0.64378
0.09909
-1.1124
-1.1112
-1.1608
-1.0215
-0.54215
-0.22512
-0.29855
-0.29755
-0.17235
-0.13354
-0.24349
-0.49894
-0.085793
-0.089164
-0.06707
-0.24874
-0.9211
-0.47
-0.38045
-0.43459
-0.39063
-0.44221
-0.38515
-0.030904
-0.20912
0.030167
-0.39236
-0.12767
-0.19537
-0.20655
-0.15664
-0.14864
-0.40949
-0.17666
-0.25297
-0.79232
-0.93414
-0.59643
-0.47992
-0.53654
-0.6215
-0.50388
-0.50661
-0.62014
-0.66082
-0.75166
-0.70076
-0.6706
-0.84966
-0.93879
-1.0817
-1.0983
-0.74417
-1.0195
-0.98681
-1.1043
-0.48392
-1.0439
-1.0866
-1.1251
-1.1979
-1.1806
-1.2028
-1.1877
-1.1087
-1.116
-1.1839
-1.058
-1.1582
-1.2704
-1.2638
-1.244
-1.2563
-1.2081
-1.2785
-1.2878
-1.2317
-1.2957
-1.2065
-1.2077
-1.2015
-1.1726
-1.0741
-1.0857
-1.2228
-1.2799
-0.83216
-0.51907
-0.74735
-0.89082
-0.94007
-0.81692
-0.42825
-0.55266
-1.0412
-0.10247
-0.021178
0.053084
-0.25766
-0.45492
-0.51979
-0.44587
-0.40944
-0.44374
-0.2064
-0.50712
-0.34733
-0.2942
-0.32337
-0.35126
-0.39561
-0.44541
-0.70816
-0.53375
-0.73195
-0.77528
-0.61937
-0.54091
-0.56655
-0.68226
-0.62071
-0.61895
-0.74333
-0.42189
-0.96748
-1.0221
-1.0489
-1.0717
-1.0851
-1.0647
-1.1402
-1.1529
-1.0319
-0.14819
-0.14209
-0.18775
-0.17982
-0.27627
-0.35013
-0.38672
-0.45946
-0.48263
-0.97519
-1.1146
-1.2128
-1.2058
-1.1125
-1.2323
-1.2601
-1.25
-1.2697
-1.2432
-1.2143
-1.1979
-1.1306
-1.0886
-1.0936
-1.1178
-1.0161
0.87666
0.86623
-1.0313
-1.16
0.50782
-0.11631
-0.63338
-0.83055
-1.0164
-1.2665
-0.92112
-0.66128
-0.92751
0.05147
-0.047606
-0.12538
-0.56334
-0.63476
-0.49387
-0.36333
-0.49211
-0.42845
-0.55756
-0.58636
-0.2965
-0.24038
-0.23728
-0.47649
-0.24348
-0.5003
-0.34709
-0.30302
-0.30403
-0.36875
-0.34179
-0.51769
-0.32114
-0.50339
-0.6557
-0.63477
-0.66374
-0.69792
-0.62573
-1.0572
-1.0918
-1.0971
-1.0474
-1.0436
-1.0331
-0.95652
-1.0916
-1.0898
-1.1731
-1.1434
-0.45088
-0.34279
-1.2601
-1.2142
-1.2029
-1.1688
-1.1125
-1.0806
-1.1174
-1.3288
-1.1286
-1.1644
-1.2242
-1.2212
-1.269
-1.2379
-1.2459
-1.3412
-1.3239
-1.2847
-1.2686
-1.267
-1.3131
-1.3078
-1.3173
-1.0641
-1.0711
-1.1146
-1.0487
-1.1977
-1.2309
-1.1288
-1.1035
-1.1041
-0.9887
-0.76921
-0.58204
-0.33068
-0.43643
-0.27065
-0.92546
-0.034283
-0.014988
-0.061594
-0.42404
-0.60751
-0.54941
-0.34414
-0.16066
-0.26195
-0.61539
-0.63056
-0.73597
1.6482
1.7749
1.8472
1.6401
1.7928
2.4784
2.5098
2.4862
2.4659
1.8881
-0.15754
-0.24771
-0.6702
-0.72668
-0.49937
-0.64822
-0.6313
-0.54364
-0.4888
-0.9331
-1.0162
-0.96225
-1.069
-1.0516
-1.1381
-1.2381
-1.2213
-1.2009
-1.1998
-1.1724
-0.44302
-0.50075
-0.6139
-0.76584
-0.83286
-0.80292
-1.2758
-1.2787
-1.3031
-1.2328
-1.2685
-1.1957
-1.2733
-1.2669
0.4901
0.61771
0.47974
-1.2471
-1.1284
-1.1375
-1.1109
-1.1623
-1.0088
-0.98935
-0.99235
-1.009
-1.1139
-1.1322
-1.2428
-1.3367
-1.3514
-1.3576
-1.2353
-1.1404
-0.92982
-1.1395
-1.1828
-1.2208
-1.3685
-1.6319
-1.6041
-1.5536
-1.5297
-1.4449
-1.2699
-0.15279
-0.77069
-0.82563
-0.95436
-0.73701
-0.58505
-0.49029
-0.72157
-0.43015
0.17056
0.4623
0.3556
0.34343
-0.3284
-0.14672
-0.07788
-0.092841
-0.10504
-0.26004
-0.44316
-0.61772
-0.72872
-0.70291
-0.72902
-0.67088
-0.72112
-0.50755
0.80879
1.022
1.0492
1.1088
0.97895
1.0088
0.37738
0.36935
-1.2162
-1.0656
-1.1842
-1.0693
-0.61051
-0.62925
-0.42571
-0.39349
-0.47893
-0.45959
-0.62446
-0.57864
-1.0923
-1.054
-0.93214
-0.93653
-1.0094
-0.93816
-0.92117
-0.92131
-0.91195
-0.93141
0.80496
0.78731
0.77395
0.80021
-0.77015
-0.75851
-0.67552
-0.41859
-1.0293
-1.0616
-0.96512
-1.0612
-1.3171
-1.3338
-1.2554
-1.4626
-1.3372
-1.6231
-1.4013
-1.5681
-1.6081
-1.5291
-1.2957
-1.5462
-1.6081
-1.3654
-1.1993
-1.0347
-0.56018
1.1331
0.088679
0.12371
0.18386
0.011464
0.38828
0.37589
0.27485
-0.47686
-0.62735
-0.66769
-0.64184
-0.70205
-0.67427
-0.68582
-0.6393
-0.62812
-0.57525
-0.52043
-0.43404
0.57324
0.87504
0.92477
0.82011
0.92614
0.66823
0.65496
0.81261
0.62734
0.72174
0.83757
-0.5104
-0.55915
-0.48929
-0.48232
-0.45873
-0.49033
-0.6839
-0.61008
-0.63017
-0.38479
-0.54789
-0.58947
-0.56633
-0.60994
-0.37622
-0.39963
-0.3976
-0.45596
-0.38486
-0.39205
-0.50748
-0.53538
-0.58287
-0.77738
-0.85215
-0.8552
-0.7238
-0.73271
-0.7655
-0.75853
-0.80681
-1.4283
-1.6358
-1.5349
-1.7159
-1.5549
-1.5159
-1.5365
-1.3736
-0.98441
-0.45128
-0.7241
-1.2803
-1.5752
-1.1342
-0.62893
-0.19024
0.0067684
0.0049348
0.0037881
-0.088488
0.027969
-0.081244
-0.05738
-0.037242
-0.16943
-0.23728
-0.32697
-0.35597
-0.39966
-0.40785
-0.40485
0.15907
0.42423
0.51349
0.49692
0.63338
0.73675
1.0839
0.90572
0.95934
0.91555
-0.38112
-0.44786
-0.43377
-0.45749
-0.44645
-0.39551
-0.40154
-0.36014
-0.43056
-0.47486
-0.49132
-0.47913
-0.54964
-0.63511
-0.61876
-0.61855
-0.60535
-0.58055
-0.55119
-0.57483
-0.52451
-0.53653
-0.55387
-0.58957
-0.46989
-0.37442
-0.3975
-0.39108
-1.0052
-1.0153
-1.0116
-1.0176
-1.0115
-1.2501
-0.69755
-0.98405
-0.98182
-1.3473
-1.3348
-1.3599
-1.4571
-1.4963
-1.5082
-1.6136
-1.6468
-1.6851
-1.6088
-1.5944
-1.6271
-1.6238
-0.84909
-0.22565
-0.37342
-0.10788
-0.93187
-0.9722
-0.78546
-0.67168
0.002219
0.35395
0.4772
0.89579
1.0477
1.0317
0.87758
0.72176
0.66449
0.49191
0.36202
-0.45845
-0.57517
-0.58586
0.4609
0.4273
0.62359
0.68595
0.80241
0.82658
0.80014
0.83702
-0.34284
-0.62963
-0.58249
-0.52868
-0.50824
0.7306
0.92506
0.94388
0.88082
0.87793
0.90076
0.83919
0.92636
0.83216
-0.99781
-0.99696
-1.0723
-1.0111
-1.0609
-1.061
-1.0264
-1.0108
-1.0903
-1.092
-1.0433
-1.0454
-1.0654
-1.0582
-1.0184
0.66021
0.70721
0.73524
0.74995
0.71013
0.59941
-0.69695
-0.71454
-0.81333
-0.79755
-0.78554
-0.9887
-1.2164
-1.3895
-1.586
-1.6834
-1.7022
-1.7165
-1.5968
-1.59
-1.6396
-1.7025
-1.4376
-0.91489
-0.33651
-0.22284
-0.1454
0.049334
-0.84556
-1.3396
-1.3125
-1.5066
-0.73338
-0.19836
0.27622
0.91361
1.126
1.3019
1.332
1.322
1.2076
1.0798
0.83335
0.48584
0.30938
0.30875
0.26138
0.21745
0.285
0.27397
0.72908
0.83943
0.87492
0.90301
0.9043
0.85049
0.30062
0.36584
0.59152
0.48346
0.3332
0.31069
0.34261
0.32963
0.79098
0.82748
0.76797
0.61343
0.62727
0.78439
0.86071
0.74462
-1.0776
-1.1285
-1.1843
-1.1973
-1.08
-1.1897
-1.1734
-1.1309
-1.1069
-1.0934
-1.0575
-1.0756
-1.2226
-1.3747
-1.4413
-1.4517
-1.4639
-1.4748
-1.4667
-1.4993
-1.5418
-1.6127
-1.5937
-1.5818
-1.6303
-1.5926
-1.6385
-1.3698
-1.0027
-0.63065
-1.1515
-1.4164
-1.5375
-0.54052
-0.36968
0.12198
0.65082
0.70841
1.2024
1.1531
0.87729
0.80296
0.90084
0.92393
1.0938
1.1159
0.99284
0.49553
-1.1513
-0.98301
-1.1988
-1.2124
-1.2459
-1.2297
-1.2854
-1.2592
-1.2954
-1.2491
-1.2728
-1.209
-1.2297
-1.2251
-0.97991
-1.2079
-1.2103
-1.2352
-1.215
-1.1976
-1.1883
-1.1694
-1.2115
-1.2049
-1.1944
-1.1922
-1.151
-1.1792
-1.189
-1.1689
-1.1631
-1.218
-1.1851
-1.2495
-1.2321
-1.1463
-1.1359
-1.1355
-1.1391
-1.1337
-1.1549
-1.1547
-1.1258
-1.1903
-1.1547
0.51333
-1.1084
-1.3155
-1.1936
-1.1179
-1.0782
-0.8519
-0.78999
-0.67861
-0.72279
-1.5278
-1.5899
-1.6627
-1.4541
-1.6606
-1.4567
-1.2112
-0.35195
-0.35085
-0.21706
-1.6076
-1.1564
0.041484
-0.015403
0.0062553
0.16486
0.34266
0.77933
0.57702
0.223
0.08188
-0.010543
-0.18561
-0.39998
-0.54165
-0.5847
-0.54961
-0.54377
-0.53464
-0.5169
-0.42525
0.63653
0.97792
0.88065
0.46205
-1.0062
-1.0401
-1.1551
-1.0972
-1.1175
-1.1138
-1.1692
-1.0397
-1.0817
-0.95758
-1.009
0.54188
0.81557
-1.0808
-1.0961
-1.0983
-1.164
-1.2207
-1.0597
-1.1434
-1.1523
-1.16
-1.1522
-1.1646
-1.1591
-1.1487
-1.1396
-1.1434
-1.1656
-1.0778
-1.0992
-1.1289
-1.1096
-1.0115
-0.92127
-0.85898
-0.48835
-0.40998
-1.395
-1.3611
-1.5194
-1.6325
-1.6994
-1.7559
-1.5186
-1.4565
-1.5713
-1.2313
-0.40282
-0.72651
-1.2711
-1.4529
-0.2716
0.57152
0.56802
0.80135
0.89357
1.1083
1.3555
1.3031
1.4528
1.2826
1.1177
0.92059
0.35451
0.30296
-0.49508
-0.43994
-0.52832
-0.67583
-0.67263
-0.64649
-0.41855
0.9561
0.76482
0.43884
-1.2479
-1.2443
-1.2337
-1.2672
-1.2214
-1.2435
-1.1685
-1.1046
-1.0732
-1.0501
-1.0812
-1.1271
-1.1051
-1.1086
-1.1214
-1.124
-1.123
-1.1204
-1.1156
-1.1203
-1.1183
-1.1415
-1.1334
-1.1268
-1.1325
-1.1365
-1.0583
-1.0423
-1.0591
-1.0445
-1.0423
-1.0609
-1.0427
-1.1412
-1.1424
-1.1379
-1.1221
-1.1339
-1.0967
-0.89412
-1.0218
-1.3728
-1.4141
-1.4005
-1.4166
-1.4682
-1.5266
-1.6477
-1.6845
-1.4683
-1.3073
-1.2814
-1.2516
-1.5687
-0.67052
-0.65346
-1.0135
-1.5977
-1.0595
0.05595
0.18883
0.20246
0.45491
0.9708
1.0228
1.4672
1.3399
1.1776
0.8955
0.76426
1.0106
0.71523
0.39544
0.43583
0.37347
0.53471
0.53385
0.69841
0.63065
0.64884
0.57239
0.91034
0.88177
0.41779
0.35864
-1.249
-1.2273
-1.1803
-1.1549
-1.2677
-1.2739
-1.2808
-1.2541
-1.2968
-1.2441
-1.3101
-1.2893
-1.2882
-1.2784
-1.2707
-1.2438
-1.2352
-1.2487
-1.2515
-1.2504
-1.2517
-1.2612
-1.2579
-1.2953
-1.2581
-1.2447
-1.2764
-1.2481
-1.2183
-1.1965
-1.2075
-1.2216
-1.2021
-1.1329
-0.96667
-1.1494
-0.39971
-0.55266
-0.72531
-1.1614
-1.4797
-1.6165
-1.6207
-1.3119
-1.2885
-1.0496
-1.0826
-1.0771
-1.7276
-1.3067
-0.93114
-0.86492
-0.33337
-0.60484
-1.2951
-1.468
-1.6707
-0.41423
0.15211
0.4423
0.6944
0.77546
1.3152
1.1263
0.61114
1.1778
1.2249
0.95761
0.82808
0.69244
0.55683
0.45786
0.47391
0.4905
0.36875
0.31512
0.24457
0.47012
0.63086
0.60606
-0.88281
-1.1283
-1.0195
-1.117
-1.2681
-1.3261
-1.3175
-1.3483
-1.3563
-1.374
-1.3636
-1.3493
-1.3102
-1.3405
-1.3078
-1.2575
-1.334
-1.2844
-1.2808
-1.3175
-1.3568
-1.3491
-1.3079
-1.3381
-1.2775
-1.2574
-1.3274
-1.2501
-1.016
-1.0084
-1.0688
-0.97575
-1.0404
-1.0297
-0.94437
-0.96159
-1.0321
-1.0564
-1.1949
-1.1786
-1.2368
-1.1835
-1.1334
-1.1265
-1.1348
-1.2124
-0.8886
-0.82692
-0.80747
-0.78257
-0.7192
-0.47217
-0.33393
-0.21262
-0.94871
-1.4356
-1.4782
-1.3734
-1.4572
-1.2355
-1.2781
-1.2892
-1.2626
-1.3095
-1.2535
-1.25
-1.3056
-1.3161
-1.3082
-1.338
-1.3627
-1.3233
-1.3699
-1.3322
-1.313
-1.3177
-0.51474
-0.10759
-0.083346
0.18882
0.17991
-0.040593
0.47113
-1.2023
-1.1543
-1.2222
-1.2004
-1.2249
-1.2002
-1.1693
-1.1617
-1.2216
-1.1087
-1.0409
-0.95983
-0.88524
-1.0896
-0.882
-1.0669
-1.061
-0.98113
-0.9492
-0.9177
-1.1497
-0.80232
-0.80839
-0.88074
-0.85617
-1.1851
-1.1633
-1.1353
-1.218
-1.1616
-1.0956
-1.1366
-1.1099
-1.1326
-1.1295
-1.1594
-1.1633
-1.0578
-1.0248
-1.0463
-0.92637
-1.0163
-0.79122
-0.71044
-0.61723
-0.55519
-0.44194
-0.58316
-0.4996
-0.9105
-1.023
-1.063
-1.0542
-0.97121
-1.1583
-1.2086
-1.1646
-1.1914
-1.2701
-1.1545
-1.3006
-1.2621
-1.2788
-1.2847
-1.2928
-1.1321
-0.96745
-0.93368
-0.97021
-0.98449
-1.0288
-0.95187
-0.91422
-0.99601
-0.94291
-0.85187
-0.7435
-0.86493
-0.7658
-0.79556
-0.78931
-0.79849
-0.77904
-1.1764
-1.2528
-1.2717
-1.2991
-1.2902
-1.2949
-1.2451
-1.2355
-1.3121
-1.3204
0.031438
-1.3487
-1.3218
-1.276
-1.3052
-1.3433
-1.4526
-1.536
-1.5096
-1.5485
-1.5342
-1.5574
-1.0495
-0.89184
-0.83714
-0.8104
-0.94152
0.054733
0.081342
-1.0984
-1.2209
-0.56214
-0.62028
-0.56557
-0.64195
-0.52082
-0.72121
-0.91761
-0.772
-0.73355
-0.80972
-1.078
-1.2456
-1.331
-1.3289
-1.2463
-1.2915
-1.3106
-1.303
-1.3432
-1.3155
-1.2869
-1.3463
-1.2898
-1.3211
-1.3361
-1.3545
-1.4279
-1.361
-1.3581
-1.3879
-1.3923
-1.3828
-1.3477
-1.2421
-1.1708
-0.95405
-0.77434
-0.030457
-0.094071
-0.70975
-0.89872
-1.2247
-1.203
-1.2232
-1.1789
-1.1737
-0.67817
-1.1829
-1.1376
-1.0966
-1.0609
-1.2304
-1.3967
-1.4422
-1.4705
-1.5393
-1.5607
-1.5945
-1.6554
-1.5595
-1.4942
-1.4313
-1.2892
-1.1157
-1.0653
-1.1225
-1.0391
-1.2077
-1.2674
-1.2547
-1.3069
-0.85308
-0.90931
-0.90858
-0.8692
-0.8209
0.40808
0.39008
-0.0334
-0.96699
-0.98633
-0.99016
-0.83145
-0.65073
-0.61045
-0.52536
-0.33714
-1.3919
-1.4518
-1.0985
-1.4521
-1.1713
-1.2751
-1.3072
-1.3085
-1.3237
-1.2853
-1.3041
-1.3219
-1.2862
-1.2949
-1.293
-1.3471
-1.3661
-1.3785
-1.3914
-1.3731
-1.3592
-1.3464
-1.2843
-0.9817
-0.90051
-0.80773
-0.84448
-0.88193
-0.86598
-0.85668
-0.71798
-0.82684
-1.0199
-1.1362
-1.1326
-1.1618
-1.1548
-1.2109
-1.1267
-1.2788
-1.261
-1.2614
-1.3131
-1.3939
-1.4086
-1.4246
-1.4663
-1.5048
-1.5123
-1.5067
-1.502
-1.527
-1.5531
-1.5468
-1.558
-1.5528
-1.5269
-1.5244
-1.5167
-1.341
-1.0975
-1.2074
-1.4441
-1.1973
-0.85628
0.20018
0.2014
0.5802
0.32056
-0.95619
-1.1024
-1.1776
-0.97749
-0.96239
-0.95331
-0.93654
-0.68611
-0.70575
-0.65812
-0.17168
-1.1153
-0.12243
-0.22039
-0.3656
-0.40053
-0.52612
-0.54388
-0.64537
-1.2862
-1.2877
-1.2967
-1.2795
-1.2755
-1.3111
-1.3303
-1.3792
-1.3619
-1.3975
-1.3649
-1.351
-1.3854
-1.3701
-1.358
-1.378
-1.4532
-1.3411
-1.3331
-1.2667
-0.23905
-0.23225
-0.74005
-0.82004
-1.1491
-1.1899
-1.1982
-1.278
-1.1953
-1.1633
-1.2882
-0.82866
-1.2796
-1.3072
-1.2907
-1.358
-1.3964
-1.4441
-1.456
-1.4709
-1.5124
-1.5177
-1.5187
-1.4091
-1.4837
-1.2089
-1.4314
-1.2016
-1.0162
-1
-1.4408
-1.2745
-1.2214
-1.0652
-1.1361
-1.1039
-0.74882
-0.75088
-0.63715
-0.69524
0.61065
0.67584
0.5257
0.1037
-0.96264
-1.0918
-1.2146
-1.0386
-1.0666
-1.0488
-0.73868
-0.54683
-0.56105
-0.96019
-1.588
-1.1152
-0.93384
-0.85092
-1.0349
-1.2875
-1.3181
-1.331
-1.3208
-1.299
-1.3144
-0.82259
-0.81429
-0.96529
-0.94123
-0.63155
-1.1691
-1.014
-1.1294
-1.2228
-1.1412
-0.93767
-1.0256
-0.92155
-0.89303
-0.94472
-0.99034
-0.93392
-1.1681
-1.0029
-1.0846
-1.0991
-1.3045
-1.1535
-1.2143
-1.2672
-1.3196
-1.3287
-1.242
-1.3303
-1.3779
-1.4785
-1.523
-1.4916
-1.503
-1.4715
-1.4473
-1.4716
-1.3981
-1.4359
-1.3945
-1.3998
-1.3958
-0.90258
-0.91549
-1.374
-1.2598
-1.181
-1.0894
-1.0788
-0.34158
-1.139
0.5702
-1.1556
-1.0437
-1.118
-1.1489
-1.1726
-1.2387
-1.0458
-0.97824
-0.97507
-0.71379
-0.65977
-0.37196
-0.406
-0.40174
-0.22426
-0.51006
-0.656
-0.59669
-0.56813
-0.61728
-0.6695
-1.2119
-1.2734
-1.2548
-1.3383
-1.2859
-1.2852
-1.2698
-1.172
-0.91386
-0.88739
-0.87689
-0.91091
-0.81207
-0.89029
-0.86539
-0.87854
-0.91757
-0.72592
-0.73527
0.18755
0.1063
0.68009
0.21549
-1.1276
-1.0252
-1.1385
-1.2342
-0.97065
-0.92376
-1.311
-1.3523
-1.2866
-1.2848
-1.297
-1.3302
-1.4625
-1.5149
-1.5004
-1.5213
-1.4734
-1.4971
-1.4843
-1.3882
-1.205
-1.2894
-1.3219
-1.189
-1.1972
-0.92057
-0.90247
-0.9495
-1.2842
-1.1567
-1.1439
-1.2016
-1.1509
-1.1021
-0.29744
-0.97488
-0.95466
-1.0112
0.48471
-1.0852
-1.1799
-1.2259
-0.92125
-0.91446
-0.93819
-0.73965
-0.49855
-0.50739
-0.53039
-1.2496
-1.3368
-1.3123
-1.2953
-1.2968
-1.3092
-1.3191
-1.331
-1.3348
-1.366
-1.3236
-1.3461
-1.434
-1.339
-1.2864
-1.2647
-1.1383
-0.76314
-0.80248
-0.62773
-0.67292
-1.156
-1.1666
-1.1077
-0.98841
-1.1489
-0.19315
-0.61305
-1.3304
-1.2807
-1.3331
-1.3677
-1.4396
-1.4855
-1.5037
-1.5007
-1.5072
-1.5176
-1.5624
-1.5727
-1.5821
-1.4189
-1.3934
-1.5156
-1.5054
-1.2378
-1.0122
-1.4904
-1.4244
-1.2526
-1.248
-1.2116
-1.1307
-1.0342
-1.066
-1.0929
-1.1455
-1.1556
-1.1455
-1.1252
-0.18539
-0.4373
-0.40169
-0.24769
-0.30062
-1.1101
-0.7208
-0.74136
-0.83693
-0.60905
-0.80131
-0.69635
-0.88056
-0.90684
-0.99007
-0.88353
-0.89871
0.20483
0.63648
0.58988
0.45123
0.22243
0.4275
0.19704
-0.050302
-0.33401
-0.20139
-0.22368
-0.41764
-0.63599
-1.1798
-1.2445
-1.2994
-1.3772
-1.3122
-1.41
-1.3689
-1.34
-1.3386
-1.3132
-1.289
-1.2974
-1.2546
-1.299
-1.3306
-1.3499
-1.3374
-1.3361
-1.2354
-1.0798
-0.86461
-0.83007
-0.66475
0.043937
0.10228
0.30708
0.65953
0.43636
0.545
0.63342
-1.0352
-0.55254
-0.54227
-0.63488
-0.65193
-0.8069
-1.2462
-1.2354
-1.1786
-1.1601
-1.1178
-1.2164
-1.3012
-1.3284
-1.3009
-1.3762
-1.3839
-1.4742
-1.519
-1.5396
-1.5176
-1.4976
-1.4166
-1.2045
-1.1007
-1.0969
0.83565
0.8158
0.81204
0.76341
0.6797
0.52722
0.56338
0.5517
-1.184
-1.1322
-1.2153
-1.2163
0.43207
0.3114
-0.045618
-0.11172
-0.20933
-0.32127
-0.2561
-0.24043
-0.34693
-1.2115
-1.2748
-1.2893
-1.3196
-1.317
-1.3612
-1.3703
-1.4076
-1.388
-1.4028
-1.3385
-1.2974
-1.2987
-1.2941
-1.3487
-1.2729
-1.2836
-1.237
-1.0478
-0.91451
-0.16258
-0.47126
-0.67701
-1.005
-1.0287
-1.1128
-1.0294
-1.1453
-1.3528
-1.3069
-1.2644
-1.3634
-1.3394
-1.3879
-1.4359
-1.5046
-1.5074
-1.5053
-1.5564
-1.5553
-1.5075
-1.5013
-1.5254
-1.5161
-1.5214
-1.4461
-1.3078
-1.4629
-1.5011
-1.4066
-1.0274
-0.96637
-1.1042
-1.1002
-1.0527
-1.016
-0.96039
-0.98052
-0.98348
-1.0546
-1.0112
-0.99267
-1.0266
-1.0283
-0.39166
-0.32074
-0.6671
-0.35845
-0.32134
-0.30589
-0.33787
-0.70317
-0.89554
-0.80335
-0.3393
-0.35511
-0.27813
-0.5497
-0.47999
-0.52781
-0.42417
-0.40674
-0.33546
-0.21028
-0.39157
-0.23534
-0.3076
-0.29832
-0.2931
-0.45804
-0.48068
-0.34659
-0.32525
-0.27418
-0.34402
-0.36974
-0.37125
-0.8057
-0.53979
-0.77325
-0.78548
-0.2362
-0.82701
-0.80386
-0.80332
-0.87596
-0.9728
-0.48101
-0.49334
-0.48807
-0.5474
-0.44413
-0.53776
-0.53633
-0.76767
-0.86099
-0.76545
-0.89875
-0.89843
-0.77086
-0.94902
-0.80115
-0.81928
-0.85222
-0.85155
-1.0085
-0.94452
-0.53383
-0.88904
-0.99044
-0.82948
-0.72932
-0.61511
-0.5842
-0.53565
-0.48697
-0.61926
-0.41878
-0.28534
-0.66757
-0.76755
-0.89345
-1.1436
-1.0134
-1.0296
-1.0105
-1.0127
-1.0526
-0.92425
-0.91293
-0.92705
-0.89072
-0.86396
-0.8316
-0.88375
-0.91126
-0.90944
-0.90727
-0.87946
-0.95638
-0.97115
-0.96309
-0.93606
-1.0237
-0.97004
-1.0518
-1.0989
-1.1295
-1.0917
-1.0921
-1.0068
-0.98908
-0.46415
-0.53137
-0.57498
-0.579
-0.68336
-0.65657
-0.76111
-0.79083
-0.88966
-0.86021
-0.24965
-0.26321
-0.93541
-0.98312
-1.1244
-1.1
-0.99616
-1.1005
-1.1025
-1.1041
-1.0652
-1.0958
-1.0772
-1.0958
-1.0621
-1.0439
-1.098
-1.1007
-1.3923
-1.3734
-1.3568
-1.3608
-1.3413
-1.3187
-1.2707
-1.2007
-1.1735
-1.1609
-1.084
-0.41193
-0.37948
-0.40343
-0.99898
-1.0483
-0.49692
-0.55457
-0.5484
-0.48157
-0.46521
-0.46312
-0.42922
-0.48691
-0.51081
-0.55762
-0.49525
-0.43617
-0.49927
-0.72922
-0.71701
-0.6993
-0.60528
-0.81443
-0.88776
-1.0786
-0.95066
-0.97875
-0.94258
-0.83565
-0.86693
-0.90127
-0.91493
-0.94907
-0.9365
-0.96998
-0.9662
-0.98635
-1.074
-1.1064
-1.0284
-0.5447
-0.58098
-0.59315
-0.53405
-0.6026
-0.58388
-0.70208
-0.7084
-0.96663
-1.1607
-1.201
-1.1863
-1.2407
-1.3148
-1.4098
-1.4132
-1.2087
-1.2485
-0.7178
-0.68394
-0.65112
-0.55831
-0.53684
-0.54319
-1.0236
-1.0868
-1.1008
-1.0348
-1.1118
-0.98688
-0.86565
-0.86775
-0.95496
-1.0447
-1.0356
-1.0376
-0.96937
-0.99802
-0.99046
-1.0176
-1.0488
-1.03
-1.04
-1.1085
-1.093
-1.4013
-1.3979
-1.3281
-0.53868
-0.50031
-0.51908
-0.50476
-0.45254
-0.5083
-0.59418
-0.53109
-0.51996
-0.55865
-0.63156
-0.65264
-0.7046
-0.71326
-0.86516
-1.0475
-0.78486
-0.24855
-0.81736
-0.29121
-0.91756
-0.9907
-1.0383
-1.0466
-0.51362
-0.48362
-0.48224
-0.50131
-0.48068
-0.42253
-0.37323
-0.34199
-0.31716
-0.47739
-1.1695
-0.89709
-1.0053
-1.3947
-1.0478
-1.0012
-1.0608
-1.0675
-1.0852
-1.0574
-1.0828
-1.0845
-1.09
-1.0957
-1.0705
-1.0635
-1.0566
-1.0402
-1.0038
-0.65208
-0.52705
-0.17643
-0.075801
-0.23542
-0.20726
-0.20204
-0.1782
-0.42103
-0.47209
-0.59854
-1.0763
-1.0526
-1.0512
-1.092
-1.0513
-1.0707
-1.0793
-1.0779
-1.0534
-0.8857
-0.79442
-0.75596
-0.58352
-0.51858
-0.61612
-0.59429
-0.45194
-0.71399
-0.55004
-0.51776
-0.55899
-0.68508
-0.6941
-0.661
-0.62076
-0.66962
-0.69395
-0.8368
-0.87276
-0.9139
-0.94259
-0.96491
-0.96158
-0.99157
-1.0194
-1.0798
-1.0813
-1.103
-1.2228
-1.225
-1.1619
-0.85664
-0.80461
-0.85134
-0.85799
-0.7823
-0.83342
-0.81308
-0.71817
-0.66198
-0.60415
-0.46054
-0.50053
-0.52092
-0.55555
-1.3284
-1.3509
-0.85698
-0.9293
-0.93082
-0.87123
-0.97732
-0.95629
-1.0941
-0.6064
-0.57072
-0.60144
-0.60348
-0.59251
-0.60832
-0.65086
-0.66061
-0.64668
-0.86691
-1.13
-0.91886
-0.89659
-0.90658
-0.93683
-0.93824
-0.83522
-0.89142
-1.2969
-1.3024
-0.8395
-0.64225
-0.61767
-0.63101
-0.65197
-0.75864
-0.88058
-0.9911
-0.64802
-0.99054
-1.0555
-1.1286
-0.67488
-0.70194
-0.56077
-0.63681
-0.68203
-0.65702
-0.68372
-0.67703
-0.71575
-0.73561
-0.77105
-0.82975
-0.78029
-1.108
-0.84924
-0.90745
-0.8047
-0.75694
-0.68263
-0.72403
-0.71722
-0.8548
-0.92349
-0.94188
-1.0415
-0.99408
-0.71516
-0.72593
-0.67386
-0.5733
-0.67729
-0.67243
-0.66747
-0.6486
-0.59871
-0.68995
-0.47884
-0.58368
-0.62533
-0.46712
-0.38014
-0.98109
-1.0423
-0.43868
-0.42334
-0.45335
-0.38873
-0.37833
-0.45894
-0.41191
-0.35511
-0.74708
-0.70421
-0.70263
-0.82436
-0.81755
-0.85198
-0.86671
-0.34722
-0.45144
-1.2972
-1.2853
-1.29
-1.225
-1.1818
-1.203
-0.87723
-0.90952
-0.94837
-1.1704
-1.0552
-0.95118
-0.67093
-0.61596
-0.63047
-0.66026
-0.66321
-0.77381
-0.72978
-0.70263
-0.68344
-0.70444
-0.65797
-0.64874
-0.70927
-0.74713
-0.78686
-0.72504
-0.7779
-0.77924
-0.70974
-0.9661
-0.95223
-0.89808
-0.87398
-0.85867
-1.0409
-1.0335
-1.0147
-1.1894
-0.92639
-0.59844
-0.57415
-0.60708
-0.67158
-0.67086
-0.73513
-0.75628
-0.69302
-0.56669
-0.71591
-0.65905
-0.57082
-0.51241
-0.4161
-0.34596
-0.76863
-0.74814
-0.86999
-0.77301
-0.74714
-0.80301
-0.81415
-0.80606
-0.78317
-0.82602
-0.80021
-0.77928
-0.78863
-0.83981
-0.81987
-0.59362
-0.60386
-0.59671
-0.58386
-0.60315
-0.57185
-0.43899
-0.53485
-0.58381
-0.63826
-0.64125
-1.2101
-1.1627
-1.1573
-1.1303
-1.1174
-1.021
-0.95382
-1.0018
-1.0679
-1.0789
-0.76745
-0.7572
-0.7792
-0.87954
-1.0625
-1.0176
-0.81083
-0.76437
0.92834
-0.51607
-0.63325
-0.77181
-0.67486
-0.71655
-0.70056
-0.63445
-0.7364
-0.74822
-0.74192
-0.76283
-0.76912
-0.79578
-0.7781
-1.0739
-1.1164
-1.0363
-1.0039
-0.98239
-0.96378
-0.9914
-1.0536
-1.2092
-1.0221
-0.6266
-0.6351
-0.53786
-0.66667
-0.64013
-0.62247
-0.58991
-0.51325
-0.44353
-0.33448
-0.38191
-0.31362
-0.44473
-0.37421
-0.70162
-0.71361
-0.79276
-0.92574
-0.66836
-0.49926
-0.48233
-0.43962
-0.39177
-0.64692
-0.63465
-0.62323
-0.68126
-0.70337
-1.1646
-1.2472
-0.72878
-0.33913
-0.33293
-0.30806
-0.31118
-0.34924
-0.36251
-0.35102
-0.34943
-0.43384
-0.52965
-0.52396
-0.49889
-0.5458
-0.57604
0.51153
-0.44029
-0.60996
-0.68394
-0.5542
-0.69847
-0.61857
-0.62673
-0.63477
-0.62018
-0.40056
-0.55121
-0.57168
-0.61733
-0.72169
-0.79362
-0.74754
-0.71179
-0.6047
-0.60699
-0.62067
-0.6495
-0.77852
-0.77682
-0.76015
-0.73448
-0.6763
-0.68955
-0.6619
-1.0344
-1.0891
-1.1459
-0.9384
-0.72404
-0.54651
-0.62389
-0.65227
-0.60854
-0.50848
-0.59352
-0.52157
-0.45721
-0.36389
-0.33668
-0.27822
-0.22803
-0.31349
-0.68583
-0.77491
-0.75956
-0.9425
-0.99177
-1.0117
-0.93922
-0.67107
-0.48236
-0.6627
-0.48827
-0.49771
-0.67154
-0.72744
-0.65062
-0.29233
-0.83768
-0.98921
-1.4254
-1.4225
-1.3127
-1.2451
-1.173
-1.1194
-1.1124
-1.1049
-1.069
-1.1402
-1.1633
-0.58285
-0.6691
-0.72572
-0.79676
-0.84858
0.062496
0.38607
-0.58451
-0.84226
-0.74167
-0.66646
-0.61804
-0.69871
-0.73563
-0.58868
-0.54261
-0.50377
-0.48421
-0.49589
-0.52677
-0.69133
-0.6979
-0.73541
-0.61788
-0.55814
-0.53394
-0.70642
-0.69816
-0.65057
-0.92478
-1.0334
-1.0842
-1.0682
-1.2338
-1.2879
-1.0764
-0.52889
-0.6556
-0.57575
-0.65203
-0.63801
-0.73246
-0.67811
-0.60321
-0.46781
-0.57541
-0.57176
-0.68384
-0.61967
-0.59821
-0.59116
-0.50727
-0.41003
-0.26093
-0.27358
-1.0281
-0.34698
-0.33866
-0.34092
-0.35379
-0.94838
-0.94927
-0.87736
-0.86186
-0.66874
-0.78387
-0.83118
-0.83288
-0.88446
-1.0777
-1.0571
-1.0629
-0.40697
-0.43271
-0.80502
-0.86392
-0.77507
-0.61093
-0.58168
-0.58898
-0.51866
-0.44529
-0.34063
-0.293
-0.9297
-0.37113
-0.3753
-1.0671
-1.165
-0.29086
-0.29461
-0.29748
-0.30425
-0.87061
